,X_WGS84,Y_WGS84,amocan
1,-96.43939547,44.78511612,1
2,-99.30987977,44.82220072,1
3,-97.29587347,46.55480339,1
4,-96.03617619,47.03582799,1
5,-96.26876713,47.00945096,1
6,-99.21937114,45.27645336,1
7,-96.41560039,45.06084189,1
8,-97.13839327,46.49636271,1
9,-96.43159582,44.68835778,1
10,-96.2857492,44.8643648,1
11,-99.31593292,45.72629078,1
12,-96.35395652,47.18349282,1
13,-97.24057864,46.38285238,1
14,-96.60747363,48.66826503,1
15,-95.74762526,45.81172731,1
16,-99.76933957,45.51587768,1
17,-96.4839217,48.79269153,1
18,-96.55848535,45.45835855,1
19,-99.15920114,44.39313236,1
20,-99.24182215,46.42246622,1
21,-96.41558019,45.2454531,1
22,-97.42376044,46.53488715,1
23,-95.15687465,45.39642069,1
24,-96.14615371,47.11349395,1
25,-96.28448873,46.31196524,1
26,-96.00877407,45.42660777,1
27,-95.74240884,46.10734308,1
28,-99.61923746,44.97847707,1
29,-96.39998264,48.6429884,1
30,-98.66540638,43.80555734,1
31,-96.50754064,48.94936393,1
32,-95.27862815,45.09401419,1
33,-97.34646681,46.4490221,1
34,-96.34646452,45.33576458,1
35,-96.48083124,45.368944,1
36,-96.97237585,46.1213554,1
37,-96.56874513,48.35725418,1
38,-99.45277831,45.29552629,1
39,-99.12521462,45.71708372,1
40,-96.26750708,44.99262225,1
41,-96.44662223,47.73804276,1
42,-96.30505641,47.51366311,1
43,-95.98767615,45.1258749,1
44,-95.88617164,45.74080543,1
45,-99.49415239,46.45192215,1
46,-94.68028811,45.41847889,1
47,-98.92800252,45.99611342,1
48,-95.89685035,46.03550916,1
49,-96.7116922,45.44828074,1
50,-99.21598015,46.57687684,1
51,-96.21682339,46.86599511,1
52,-96.51340487,48.56365775,1
53,-98.88372344,46.48208322,1
54,-95.48194795,45.38803181,1
55,-96.04482271,45.86552618,1
56,-98.56523601,43.65280747,1
57,-97.37320097,46.35179571,1
58,-96.21297877,46.69085635,1
59,-104.961468,39.732207,1
60,-102.7736,37.0141,1
61,-103.690137,37.05665,1
62,-103.2,37.08333,1
63,-102.46788,39.77399,1
64,-104.617,37.14239,1
65,-104.947585,39.582246,1
66,-87.937728,42.158179,1
67,-87.68461,41.604806,1
68,-89.893965,41.444855,1
69,-89.377822,42.094683,1
70,-88.329895,42.421888,1
71,-88.669736,41.878779,1
72,-87.764128,41.498851,1
73,-88.196,41.740337,1
74,-88.395144,40.206943,1
75,-88.614303,40.746787,1
76,-89.11977,42.300274,1
77,-88.066186,41.842846,1
78,-88.281719,41.927201,1
79,-87.841908,42.05982,1
80,-87.789162,42.142075,1
81,-87.799008,41.844459,1
82,-89.33334,41.908568,1
83,-89.014534,39.823401,1
84,-89.628193,41.643226,1
85,-89.202769,42.21371,1
86,-89.306531,41.687307,1
87,-88.492851,41.831313,1
88,-87.581312,41.782226,1
89,-89.771473,40.522615,1
90,-89.598393,40.860398,1
91,-88.192312,41.840351,1
92,-90.124866,40.3425,1
93,-88.195737,40.053206,1
94,-87.536197,41.017416,1
95,-87.999876,42.472963,1
96,-87.656608,42.006583,1
97,-87.859286,41.758469,1
98,-89.622745,42.276521,1
99,-88.328195,41.359947,1
100,-88.929105,42.190062,1
101,-88.448738,41.915634,1
102,-88.202768,42.059342,1
103,-87.812594,42.415443,1
104,-88.221695,42.209472,1
105,-88.313385,42.148457,1
106,-88.274932,40.980754,1
107,-89.001201,42.387044,1
108,-88.700797,41.320517,1
109,-88.85381,41.538001,1
110,-89.847007,40.150213,1
111,-89.493086,40.667313,1
112,-90.175271,41.346596,1
113,-88.478668,40.609201,1
114,-89.323788,41.208041,1
115,-89.12999,42.07823,1
116,-88.740106,41.676671,1
117,-88.097328,40.44508,1
118,-88.311555,39.492272,1
119,-88.188635,42.352271,1
120,-87.960148,41.88629,1
121,-89.639116,40.693535,1
122,-87.928642,41.497967,1
123,-88.327226,41.714923,1
124,-89.008011,41.723977,1
125,-90.296903,42.222035,1
126,-90.106688,42.055646,1
127,-90.543043,38.980939,1
128,-87.906056,41.674726,1
129,-88.195029,42.493393,1
130,-89.136338,40.653945,1
131,-88.130874,41.342254,1
132,-87.533926,41.645907,1
133,-86.072413,39.959408,1
134,-86.184674,39.917062,1
135,-87.45147,40.026467,1
136,-86.533911,40.764636,1
137,-87.440441,41.110114,1
138,-86.873907,40.777777,1
139,-87.468075,41.348698,1
140,-94.630383,42.490776,1
141,-96.321782,42.638886,1
142,-92.544192,42.589163,1
143,-93.61522,41.596602,1
144,-96.472958,43.057471,1
145,-95.885382,42.140172,1
146,-93.938999,41.23021,1
147,-93.601615,41.281884,1
148,-95.946235,41.901232,1
149,-94.09143,40.695758,1
150,-96.523767,42.6805,1
151,-93.975604,41.428107,1
152,-94.066578,41.304863,1
153,-93.280022,41.55867,1
154,-94.22234,43.10423,1
155,-92.505324,42.755717,1
156,-96.361672,39.222855,1
157,-97.268988,37.743217,1
158,-97.858547,38.117654,1
159,-97.567398,38.769573,1
160,-98.135723,38.721105,1
161,-94.710806,37.394625,1
162,-95.7689,37.2555,1
163,-94.64152,37.04324,1
164,-96.583442,38.439358,1
165,-94.766009,38.255848,1
166,-96.550057,39.087481,1
167,-95.721992,38.535217,1
168,-94.87686,38.1354,1
169,-95.843,37.7859,1
170,-95.8209,38.0321,1
171,-95.548,38.77901,1
172,-96.64572,38.33765,1
173,-96.626548,39.214599,1
174,-95.696944,38.951111,1
175,-99.274334,39.656346,1
176,-94.87095,37.957347,1
177,-98.806705,39.576783,1
178,-94.933063,39.352509,1
179,-96.3458,39.1176,1
180,-98.24018,38.92589,1
181,-95.12065,37.14268,1
182,-99.82644,38.04706,1
183,-98.09942,38.38029,1
184,-96.51011,38.69422,1
185,-95.12255,39.81238,1
186,-97.0913,39.38475,1
187,-95.186942,38.70012,1
188,-95.30644,37.55821,1
189,-95.71903,39.29446,1
190,-97.39833,39.0341,1
191,-97.30206,37.98242,1
192,-95.19495,39.03611,1
193,-98.85016,38.30487,1
194,-99.7869,37.384907,1
195,-96.73584,39.82732,1
196,-95.72785,39.746,1
197,-95.83786,39.14745,1
198,-96.14141,38.86026,1
199,-98.72193,37.43206,1
200,-94.63021,37.13327,1
201,-94.73167,38.12874,1
202,-95.26113,39.11743,1
203,-97.89477,39.89909,1
204,-96.13772,37.70805,1
205,-94.9482,38.96229,1
206,-96.413339,39.470623,1
207,-95.783021,39.625746,1
208,-96.26137,37.58522,1
209,-95.87443,38.75151,1
210,-96.06416,38.54392,1
211,-96.71446,37.53628,1
212,-95.4544,37.84109,1
213,-96.48816,38.60278,1
214,-96.98205,38.32421,1
215,-94.773591,38.978333,1
216,-98.43009,38.91092,1
217,-95.11998,38.00818,1
218,-99.47486,37.87136,1
219,-98.87051,37.28216,1
220,-98.07268,37.98193,1
221,-95.52,39.60387,1
222,-96.80296,37.09894,1
223,-97.05537,37.70736,1
224,-99.84569,39.3594,1
225,-98.32298,39.50328,1
226,-98.250008,39.270101,1
227,-95.997622,39.083998,1
228,-96.53471,38.15665,1
229,-97.989,38.61695,1
230,-95.07291,37.79423,1
231,-97.94245,38.831222,1
232,-98.05546,39.79625,1
233,-96.26733,38.34411,1
234,-97.06668,38.19515,1
235,-95.28267,38.5641,1
236,-96.52044,39.81936,1
237,-95.332754,38.009468,1
238,-95.03487,38.61409,1
239,-97.515837,39.680754,1
240,-95.2063,37.71823,1
241,-94.86212,38.3309,1
242,-95.182796,37.255804,1
243,-95.13,37.57035,1
244,-97.257649,37.61175,1
245,-95.309039,39.983996,1
246,-94.978778,39.257884,1
247,-95.450737,38.905934,1
248,-95.274719,38.181119,1
249,-98.812052,39.467489,1
250,-95.22307,38.8474,1
251,-96.707382,39.142197,1
252,-97.87069,39.38774,1
253,-99.19757,38.44836,1
254,-96.32754,39.36102,1
255,-97.43516,38.46517,1
256,-95.28729,38.957,1
257,-95.9642,39.50764,1
258,-95.69734,37.87946,1
259,-98.637367,38.96223,1
260,-96.442911,50.440564,1
261,-97.116237,49.809547,1
262,-96.610472,50.242556,1
263,-96.874201,49.029833,1
264,-96.878732,50.002814,1
265,-98.233227,49.203446,1
266,-85.73563,42.22286,1
267,-94.954744,47.376885,1
268,-96.321223,46.509469,1
269,-92.101148,44.397792,1
270,-93.339947,44.706753,1
271,-92.50508,44.039714,1
272,-93.632483,45.187501,1
273,-95.395619,45.659943,1
274,-93.0259,44.786675,1
275,-93.174821,45.114905,1
276,-93.622489,44.729661,1
277,-93.024886,44.50092,1
278,-95.034757,45.325537,1
279,-93.018629,45.173535,1
280,-93.514711,44.822188,1
281,-91.588172,43.999613,1
282,-93.012108,44.937328,1
283,-95.677025,46.331186,1
284,-93.199403,44.468995,1
285,-93.523788,44.223645,1
286,-94.218281,46.343826,1
287,-92.792044,45.188035,1
288,-91.836892,44.17007,1
289,-93.372681,44.842488,1
290,-93.355623,45.263468,1
291,-96.434708,47.062314,1
292,-96.031883,43.93703,1
293,-94.240768,45.528935,1
294,-93.16485,45.382006,1
295,-92.660515,45.401893,1
296,-96.00743,47.158904,1
297,-94.30491,44.72505,1
298,-94.366246,44.841409,1
299,-95.902081,45.578583,1
300,-92.759467,43.724883,1
301,-92.791852,44.927188,1
302,-95.704576,44.261095,1
303,-94.30299,46.106283,1
304,-94.90439,43.522882,1
305,-95.743853,43.580108,1
306,-95.304643,43.522292,1
307,-96.447209,48.072166,1
308,-96.34232,43.609067,1
309,-96.353666,47.274461,1
310,-93.602608,45.350221,1
311,-95.573544,46.144254,1
312,-93.658275,43.76798,1
313,-92.908681,45.083491,1
314,-94.726579,45.131751,1
315,-95.843726,43.507279,1
316,-92.540736,44.491938,1
317,-92.519043,43.536578,1
318,-95.250604,44.000037,1
319,-95.927443,44.363181,1
320,-95.105077,43.724929,1
321,-92.079227,43.709965,1
322,-94.380017,46.333217,1
323,-94.097386,43.767557,1
324,-92.348771,43.985077,1
325,-96.183893,47.201968,1
326,-96.291139,44.233735,1
327,-93.736353,44.666506,1
328,-93.939379,44.362618,1
329,-93.860001,45.331908,1
330,-95.049966,44.086452,1
331,-96.101203,44.355947,1
332,-95.740675,47.768484,1
333,-94.045195,45.391222,1
334,-95.713386,43.927817,1
335,-94.990327,44.543269,1
336,-92.499267,43.797643,1
337,-94.498906,44.029211,1
338,-94.7622,44.75334,1
339,-91.990286,44.15652,1
340,-95.024431,43.652398,1
341,-93.481581,45.522434,1
342,-96.235363,46.159244,1
343,-91.42281,43.767742,1
344,-95.080251,45.477387,1
345,-93.747081,45.379018,1
346,-95.164427,43.537333,1
347,-95.922513,47.405143,1
348,-93.872046,44.55417,1
349,-94.143452,45.698563,1
350,-95.149836,44.605322,1
351,-95.258125,46.927592,1
352,-93.099248,43.666499,1
353,-92.339224,44.519991,1
354,-96.236536,45.2325,1
355,-92.806847,44.550347,1
356,-91.413158,43.961895,1
357,-94.390666,45.594719,1
358,-96.699322,48.912604,1
359,-93.303389,45.141463,1
360,-91.931316,44.258879,1
361,-92.046347,44.046634,1
362,-93.69747,45.490153,1
363,-96.412585,47.606395,1
364,-94.35707,45.47366,1
365,-94.306987,46.426811,1
366,-93.996564,44.271979,1
367,-95.775719,44.994547,1
368,-93.21549,44.859361,1
369,-93.282511,44.941515,1
370,-92.489847,44.139511,1
371,-94.10164,45.53957,1
372,-93.157797,44.779154,1
373,-95.283069,45.439596,1
374,-96.463482,46.858448,1
375,-95.521787,45.483944,1
376,-91.280005,37.90708,1
377,-94.341995,37.768433,1
378,-94.570938,38.880537,1
379,-91.850722,37.531272,1
380,-92.236183,38.588528,1
381,-94.104581,37.860893,1
382,-94.553268,37.522901,1
383,-93.2657,38.547028,1
384,-90.915071,39.033461,1
385,-92.305002,38.871037,1
386,-93.908427,37.104046,1
387,-90.551784,38.201885,1
388,-91.194342,37.00386,1
389,-91.635439,40.521151,1
390,-95.620545,40.476946,1
391,-91.016804,39.185324,1
392,-90.806062,38.475675,1
393,-93.985698,37.891129,1
394,-92.761694,37.971635,1
395,-91.99198,38.949193,1
396,-93.411361,37.563693,1
397,-94.363461,36.972284,1
398,-98.07409,41.017194,1
399,-97.41916,42.038638,1
400,-100.068111,40.875103,1
401,-96.843017,40.697025,1
402,-98.582092,40.731963,1
403,-99.328628,41.927283,1
404,-99.698958,42.475922,1
405,-98.466325,40.892462,1
406,-95.951867,41.390817,1
407,-96.579278,40.621758,1
408,-99.679824,42.669713,1
409,-100.963972,40.649297,1
410,-96.828981,41.26933,1
411,-101.859473,41.488724,1
412,-96.7518,40.6184,1
413,-98.106536,42.34998,1
414,-96.173645,41.5873,1
415,-96.142128,41.340387,1
416,-96.832617,40.287293,1
417,-99.032598,41.104946,1
418,-98.69916,40.57662,1
419,-99.0849,40.9694,1
420,-98.807965,41.769308,1
421,-97.96137,40.4448,1
422,-101.669092,41.243003,1
423,-98.64913,41.87993,1
424,-101.64128,40.84514,1
425,-95.602696,40.286995,1
426,-106.281028,35.793981,1
427,-104.987323,36.455445,1
428,-103.980605,36.778695,1
429,-105.704518,35.544555,1
430,-104.361635,36.07015,1
431,-105.238456,35.527973,1
432,-100.91486,46.764448,1
433,-99.10656,47.16165,1
434,-97.879982,46.5008,1
435,-97.999079,46.917736,1
436,-98.979577,47.985943,1
437,-100.385033,47.123031,1
438,-98.618972,46.683747,1
439,-102.555406,45.971595,1
440,-101.093764,46.865963,1
441,-101.390639,47.359954,1
442,-100.267942,46.690089,1
443,-100.665419,47.838058,1
444,-100.537176,48.569451,1
445,-100.5438113,46.59152111,1
446,-100.2875128,48.4649807,1
447,-97.98118251,48.76278143,1
448,-96.427847,36.845429,1
449,-95.862471,36.666544,1
450,-98.70252,34.722804,1
451,-96.263437,36.135045,1
452,-96.070655,35.622063,1
453,-97.27317,35.19033,1
454,-97.000073,36.785947,1
455,-97.099095,35.276809,1
456,-97.097328,36.21255,1
457,-98.557684,34.679322,1
458,-98.980207,34.746408,1
459,-99.381035,36.627041,1
460,-96.588646,43.467916,1
461,-96.958825,42.872292,1
462,-99.33985,43.788033,1
463,-101.602792,43.257117,1
464,-103.421624,44.470177,1
465,-102.168372,45.675803,1
466,-103.41548,43.80122,1
467,-96.569659,44.746341,1
468,-103.417918,43.65444,1
469,-103.586332,43.780554,1
470,-103.506755,44.075146,1
471,-96.756121,44.86261,1
472,-103.410509,43.396804,1
473,-103.573677,43.337063,1
474,-98.71645,44.534573,1
475,-96.969192,43.55157,1
476,-98.892767,43.388998,1
477,-97.19005,45.74684,1
478,-98.83569,45.72047,1
479,-96.5244,44.5051,1
480,-97.49029,42.8818,1
481,-98.5035,43.19128,1
482,-100.42697,45.49963,1
483,-103.19375,43.66554,1
484,-103.3068,44.0712,1
485,-103.56391,43.60673,1
486,-100.286163,35.928438,1
487,-97.058443,32.982291,1
488,-97.668996,33.362807,1
489,-94.235663,31.075095,1
490,-101.879827,35.469779,1
491,-90.865102,44.248275,1
492,-89.440072,43.029636,1
493,-87.960043,43.023586,1
494,-89.442528,43.123002,1
495,-90.772309,43.427901,1
496,-89.720288,43.41467,1
497,-89.469343,44.207372,1
498,-91.205223,43.792232,1
499,-89.041784,42.571705,1
500,-88.036177,42.924918,1
501,-90.088649,43.208199,1
502,-89.379838,43.321359,1
503,-89.91684,43.152482,1
504,-89.298308,43.121175,1
505,-87.812706,42.506905,1
506,-89.407058,43.521758,1
507,-92.029617,44.562092,1
508,-90.866908,44.111386,1
509,-89.928017,42.84518,1
510,-89.442633,43.233637,1
511,-90.229125,43.194442,1
512,-89.223403,44.320417,1
513,-92.75532,45.024911,1
514,-88.311088,43.015223,1
515,-91.123318,44.586522,1
516,-89.871047,42.951138,1
517,-89.765216,42.845176,1
518,-92.798607,45.600351,1
519,-92.73813,44.83223,1
520,-89.571151,43.078555,1
521,-87.659549,44.281211,1
522,-89.88446,43.867597,1
523,-88.190427,43.642731,1
524,-92.65154,45.88303,1
525,-89.387747,43.687153,1
526,-89.342356,44.040497,1
527,-89.846042,43.753045,1
528,-88.452501,42.836308,1
529,-92.79533,45.69141,1
530,-89.80743,44.009594,1
531,-89.059734,42.990129,1
532,-91.251352,43.9215,1
533,-91.200118,43.455797,1
534,-91.1401,43.376888,1
535,-91.023112,42.736337,1
536,-89.773482,43.139063,1
537,-90.680489,43.132109,1
538,-88.626547,42.848269,1
539,-89.810212,43.051755,1
540,-89.790659,43.292456,1
541,-89.49362,42.702476,1
542,-91.530078,44.780757,1
543,-88.023834,43.439365,1
544,-104.099091,44.466736,1
545,-104.3225,44.6536,1
546,-103.814717,44.473912,1
547,-97.44465,40.33924,1
548,-89.60757,43.363554,1
549,-101.062937,43.299541,1
550,-101.901244,35.202509,1
551,-92.685873,45.78263,1
552,-97.211316,37.902927,1
553,-106.046751,35.532075,1
554,-95.604204,39.100318,1
555,-97.779238,38.717064,1
556,-99.800997,41.444526,1
557,-83.766693,42.509163,1
558,-100.644081,48.29399,1
559,-96.324502,44.014805,1
560,-90.053656,43.797939,1
561,-83.506053,42.717773,1
562,-96.376069,32.579477,1
563,-92.087214,37.768014,1
564,-93.402044,41.891763,1
565,-86.984383,38.196895,1
566,-98.568316,42.570676,1
567,-96.460306,42.543972,1
568,-83.590047,43.032427,1
569,-74.00502,40.747631,1
570,-165.86,65.56,0
571,-165.66,64.92,0
572,-165.65,62.54,0
573,-165.52,64.99,0
574,-165.4,64.92,0
575,-165.02,65.79,0
576,-164.72,63.18,0
577,-164.63,62.88,0
578,-164.54,63.18,0
579,-164.41,62.18,0
580,-164.15,65.11,0
581,-164.15,68.42,0
582,-163.99,60.77,0
583,-163.69,61.68,0
584,-163.27,60.73,0
585,-163.23,67.81,0
586,-163.19,62.33,0
587,-163,65.22,0
588,-162.81,61.35,0
589,-162.74,68.92,0
590,-162.51,61.03,0
591,-162.4,61.95,0
592,-162.36,67.32,0
593,-162.2,62.71,0
594,-162.17,69.52,0
595,-161.94,68.49,0
596,-161.79,60.73,0
597,-161.75,61.72,0
598,-161.25,68.5,0
599,-161.21,59.74,0
600,-161.18,60.35,0
601,-161.14,69.45,0
602,-160.99,62.02,0
603,-160.91,65.3,0
604,-160.87,61.3,0
605,-160.68,67.62,0
606,-160.45,63.17,0
607,-160.45,60.5,0
608,-160.23,64.69,0
609,-160.23,66.52,0
610,-160.19,69.41,0
611,-160.03,60.04,0
612,-159.92,68.46,0
613,-159.81,61.11,0
614,-159.77,62.44,0
615,-159.65,56.28,0
616,-159.59,66.45,0
617,-159.58,67.32,0
618,-159.46,64.38,0
619,-159.35,65.64,0
620,-159.35,61.87,0
621,-159.31,60.46,0
622,-159.27,63.09,0
623,-159.24,59.28,0
624,-159.12,70.02,0
625,-159.08,68,0
626,-159.04,61.5,0
627,-158.88,69.2,0
628,-158.85,56.5,0
629,-158.55,67.51,0
630,-158.55,64.96,0
631,-158.55,63.59,0
632,-158.51,59.93,0
633,-158.47,62.71,0
634,-158.4,69.75,0
635,-158.25,66.55,0
636,-158.17,60.73,0
637,-158.05,68.8,0
638,-157.9,65.56,0
639,-157.9,61.8,0
640,-157.86,63.43,0
641,-157.86,56.96,0
642,-157.83,59.4,0
643,-157.75,70.21,0
644,-157.6,60.12,0
645,-157.52,65.07,0
646,-157.45,68.08,0
647,-157.33,61.38,0
648,-157.14,67.39,0
649,-157.1,65.83,0
650,-157.1,63.28,0
651,-157.07,69.22,0
652,-156.99,62.37,0
653,-156.91,66.78,0
654,-156.84,59.36,0
655,-156.84,57.42,0
656,-156.76,64.33,0
657,-156.65,60.27,0
658,-156.57,58.26,0
659,-156.53,61.19,0
660,-156.34,70.17,0
661,-156.34,63.97,0
662,-156.3,68.23,0
663,-156.3,67.28,0
664,-156.3,62.94,0
665,-156.27,58.9,0
666,-156.23,65.37,0
667,-156.15,68.84,0
668,-156.08,58.29,0
669,-156.06,59.85,0
670,-156,66.06,0
671,-155.98,62.65,0
672,-155.85,62.4,0
673,-155.66,61.74,0
674,-155.66,66.59,0
675,-155.58,63.24,0
676,-155.5,65.49,0
677,-155.43,67.51,0
678,-155.43,69.79,0
679,-155.39,64.38,0
680,-155.35,60.65,0
681,-155.16,59.93,0
682,-154.97,58.64,0
683,-154.86,65.18,0
684,-154.86,62.21,0
685,-154.78,59.24,0
686,-154.78,69.11,0
687,-154.63,66.55,0
688,-154.63,63.43,0
689,-154.55,68.15,0
690,-154.48,61.57,0
691,-154.33,64.09,0
692,-154.25,69.98,0
693,-154.25,60.5,0
694,-154.17,67.31,0
695,-154.17,63.01,0
696,-153.91,68.92,0
697,-153.87,65.87,0
698,-153.79,64.77,0
699,-153.75,66.59,0
700,-153.71,62.33,0
701,-153.68,61.49,0
702,-153.52,60.62,0
703,-153.3,65.53,0
704,-153.26,63.36,0
705,-153.26,67.13,0
706,-153.22,68.53,0
707,-153.14,70.29,0
708,-152.95,61.53,0
709,-152.95,69.03,0
710,-152.8,67.85,0
711,-152.8,66.44,0
712,-152.72,62.52,0
713,-152.72,69.6,0
714,-152.65,66.86,0
715,-152.57,64.69,0
716,-152.57,61.07,0
717,-152.53,65.79,0
718,-152.42,63.43,0
719,-152.31,61.91,0
720,-152,69.14,0
721,-151.93,63.93,0
722,-151.89,61.26,0
723,-151.89,62.94,0
724,-151.85,65.22,0
725,-151.85,67.43,0
726,-151.85,66.75,0
727,-151.66,62.33,0
728,-151.53,67.34,0
729,-151.47,68.34,0
730,-151.35,66.13,0
731,-151.28,69.75,0
732,-151.24,64.46,0
733,-151.19,63.11,0
734,-151.05,67.62,0
735,-151.01,61.68,0
736,-150.94,66.44,0
737,-150.86,66.82,0
738,-150.67,69.37,0
739,-150.63,62.86,0
740,-150.52,65.79,0
741,-150.48,68.61,0
742,-150.4,61.8,0
743,-150.17,64.23,0
744,-150.06,67.16,0
745,-150.02,65.15,0
746,-149.95,62.29,0
747,-149.87,69.45,0
748,-149.79,69.94,0
749,-149.64,68.99,0
750,-149.64,66.63,0
751,-149.6,63.47,0
752,-149.53,68.15,0
753,-149.49,61.83,0
754,-149.45,62.67,0
755,-149.34,64.57,0
756,-149.34,65.87,0
757,-149.23,67.63,0
758,-149.11,69.45,0
759,-148.96,69.36,0
760,-148.82,62.45,0
761,-148.73,62.33,0
762,-148.54,63.55,0
763,-148.46,66.29,0
764,-148.44,61.79,0
765,-148.42,67.13,0
766,-148.27,64.88,0
767,-148.27,62.79,0
768,-148.08,69.26,0
769,-147.89,68.15,0
770,-147.74,62.06,0
771,-147.62,65.83,0
772,-147.59,69.07,0
773,-147.47,66.63,0
774,-147.43,63.51,0
775,-147.39,67.66,0
776,-147.13,64.31,0
777,-147.13,62.56,0
778,-146.94,61.95,0
779,-146.79,65.49,0
780,-146.63,68,0
781,-146.56,69.35,0
782,-146.37,63.2,0
783,-146.37,61.53,0
784,-146.33,65.87,0
785,-146.25,67.01,0
786,-146.16,64.26,0
787,-145.83,64.75,0
788,-145.75,64.94,0
789,-145.64,64.15,0
790,-145.53,64.92,0
791,-145.49,68.42,0
792,-145.42,63.47,0
793,-145.42,69.18,0
794,-145.42,65.76,0
795,-145.42,62.56,0
796,-145.41,62.04,0
797,-145.26,61.34,0
798,-145.16,66.92,0
799,-145.15,66.72,0
800,-144.84,65.22,0
801,-144.84,64,0
802,-144.77,69.26,0
803,-144.69,65.87,0
804,-144.65,67.7,0
805,-144.65,63.05,0
806,-144.58,68.65,0
807,-144.33,61.52,0
808,-144.2,66.97,0
809,-144.12,63.89,0
810,-144.04,64.96,0
811,-143.89,60.73,0
812,-143.85,69.45,0
813,-143.78,67.05,0
814,-143.78,62.33,0
815,-143.4,67.7,0
816,-143.36,62.71,0
817,-143.32,61.68,0
818,-143.28,66.21,0
819,-143.28,64.84,0
820,-143.25,68.69,0
821,-143.17,69.45,0
822,-142.9,61.07,0
823,-142.9,63.93,0
824,-142.83,60.5,0
825,-142.83,62.25,0
826,-142.48,65.49,0
827,-142.47,61.5,0
828,-142.41,67.81,0
829,-142.24,69.04,0
830,-142.16,64.41,0
831,-142.14,66.78,0
832,-142.14,62.82,0
833,-142.03,63.66,0
834,-141.99,62.02,0
835,-141.95,60.69,0
836,-141.8,65.76,0
837,-141.57,66.97,0
838,-141.42,68,0
839,-141.34,69.11,0
840,-141.3,64.73,0
841,-141,62.3,0
842,-141,61.3,0
843,-141,63.2,0
844,-140.62,66.52,0
845,-140.43,67.73,0
846,-140.35,63.47,0
847,-140.35,62.25,0
848,-140.31,60.96,0
849,-140.2,64.57,0
850,-140.16,69.16,0
851,-140.16,65.37,0
852,-139.78,66.75,0
853,-139.74,62.4,0
854,-139.57,64.02,0
855,-139.42,61.37,0
856,-139.36,67.89,0
857,-139.29,68.84,0
858,-138.79,66.55,0
859,-138.75,65.11,0
860,-138.56,61.99,0
861,-138.52,68.23,0
862,-138.49,63.47,0
863,-138.44,61.17,0
864,-138.07,68.72,0
865,-138.03,65.34,0
866,-138.03,64.42,0
867,-137.88,68.08,0
868,-137.68,60.79,0
869,-137.61,66.84,0
870,-136.96,68.04,0
871,-136.88,62.59,0
872,-136.77,67.01,0
873,-136.58,65.07,0
874,-136.51,66.25,0
875,-136.48,60.79,0
876,-136.16,63.81,0
877,-136.12,61.9,0
878,-135.86,66.9,0
879,-135.71,60.86,0
880,-135.63,65.6,0
881,-135.6,59.27,0
882,-135.48,67.85,0
883,-135.34,60.87,0
884,-135.25,62.1,0
885,-135,63,0
886,-134.87,66.82,0
887,-134.72,67.81,0
888,-134.68,65.18,0
889,-134.64,65.95,0
890,-134.53,63.93,0
891,-134.49,68.5,0
892,-134.41,69.03,0
893,-133.77,61.45,0
894,-133.72,59.53,0
895,-133.69,68.31,0
896,-133.6,66.84,0
897,-133.54,67.43,0
898,-133.42,63.74,0
899,-133.35,62.24,0
900,-133.35,64.88,0
901,-133,66.44,0
902,-133,68.88,0
903,-132.62,60.54,0
904,-132.62,65.98,0
905,-132.59,59.93,0
906,-132.51,61.97,0
907,-132.51,67.85,0
908,-132.47,63.09,0
909,-132.39,58.48,0
910,-132.28,64.31,0
911,-132.13,66.75,0
912,-131.98,68.53,0
913,-131.94,59.36,0
914,-131.84,56.65,0
915,-131.82,65.41,0
916,-131.75,61.3,0
917,-131.6,62.71,0
918,-131.52,67.51,0
919,-131.14,66.36,0
920,-130.97,58.01,0
921,-130.87,57.15,0
922,-130.8,64.77,0
923,-130.76,61.3,0
924,-130.76,67.62,0
925,-130.72,68.38,0
926,-130.71,58.18,0
927,-130.68,60.39,0
928,-130.62,65.74,0
929,-130.57,62.37,0
930,-130.42,66.82,0
931,-129.88,60.43,0
932,-129.85,59.29,0
933,-129.69,64.54,0
934,-129.62,68.95,0
935,-129.59,57.51,0
936,-129.58,63.36,0
937,-129.58,67.16,0
938,-129.54,66.55,0
939,-129.54,65.53,0
940,-129.44,68.02,0
941,-129.07,59.37,0
942,-129.05,63.15,0
943,-129.01,66.71,0
944,-128.85,61.76,0
945,-128.82,56.01,0
946,-128.74,56.88,0
947,-128.63,54.33,0
948,-128.63,58.41,0
949,-128.55,68.84,0
950,-128.55,60.77,0
951,-128.47,65.91,0
952,-128.41,53.16,0
953,-128.4,67.73,0
954,-128.25,64.99,0
955,-128.21,54.3,0
956,-128.09,63.97,0
957,-128.02,67.24,0
958,-127.86,68.12,0
959,-127.67,55.25,0
960,-127.64,62.94,0
961,-127.64,59.44,0
962,-127.6,57.23,0
963,-127.6,61.91,0
964,-127.52,69.71,0
965,-127.48,66.76,0
966,-127.48,60.69,0
967,-127.37,56.09,0
968,-127.24,69.04,0
969,-127.14,67.43,0
970,-127.11,54.77,0
971,-126.91,63.89,0
972,-126.91,53.34,0
973,-126.76,58.56,0
974,-126.76,65.11,0
975,-126.72,68.12,0
976,-126.72,66.17,0
977,-126.61,56.77,0
978,-126.49,59.32,0
979,-126.46,62.44,0
980,-126.38,55.93,0
981,-126.38,60.39,0
982,-126.23,68.88,0
983,-126.15,67.05,0
984,-125.92,57.84,0
985,-125.9,49.16,0
986,-125.88,51.4,0
987,-125.81,64.31,0
988,-125.77,67.66,0
989,-125.75,54.05,0
990,-125.54,68.19,0
991,-125.5,62.25,0
992,-125.47,65.87,0
993,-125.47,52.73,0
994,-125.43,66.97,0
995,-125.31,55.44,0
996,-125.28,59.62,0
997,-125.28,58.22,0
998,-125.24,60.77,0
999,-125.12,63.2,0
1000,-125.04,56.75,0
1001,-125.01,68.46,0
1002,-124.93,64.38,0
1003,-124.93,52.62,0
1004,-124.91,50.25,0
1005,-124.89,72.38,0
1006,-124.67,66.52,0
1007,-124.65,49.3,0
1008,-124.63,54.1,0
1009,-124.63,62.1,0
1010,-124.51,42.74,0
1011,-124.26,54.46,0
1012,-124.25,57.95,0
1013,-124.25,68.19,0
1014,-124.25,72.87,0
1015,-124.16,52.05,0
1016,-124.13,64.84,0
1017,-124.13,60.23,0
1018,-124.07,42.56,0
1019,-124.06,68.5,0
1020,-123.98,63.28,0
1021,-123.95,67.39,0
1022,-123.94,49.17,0
1023,-123.94,66.02,0
1024,-123.89,45.82,0
1025,-123.83,53.19,0
1026,-123.82,41.15,0
1027,-123.75,56.2,0
1028,-123.75,59.09,0
1029,-123.75,74.13,0
1030,-123.68,45.96,0
1031,-123.68,61.07,0
1032,-123.67,42.28,0
1033,-123.63,42.07,0
1034,-123.63,72.41,0
1035,-123.58,42.59,0
1036,-123.58,48.31,0
1037,-123.56,40.79,0
1038,-123.52,47.98,0
1039,-123.49,45.66,0
1040,-123.47,41.38,0
1041,-123.46,48.92,0
1042,-123.4,40.32,0
1043,-123.32,44.48,0
1044,-123.3,43.42,0
1045,-123.3,55.51,0
1046,-123.27,44.71,0
1047,-123.26,60.04,0
1048,-123.24,41.67,0
1049,-123.24,64.88,0
1050,-123.22,44.92,0
1051,-123.22,73.64,0
1052,-123.2,44.1,0
1053,-123.18,67.73,0
1054,-123.17,42.44,0
1055,-123.16,42.25,0
1056,-123.12,45.53,0
1057,-123.08,39.09,0
1058,-123.07,62.21,0
1059,-123.07,57.38,0
1060,-123.05,49.15,0
1061,-123.04,51.72,0
1062,-123.03,43.28,0
1063,-123.03,73.14,0
1064,-123.01,40.98,0
1065,-122.99,66.1,0
1066,-122.99,69.14,0
1067,-122.98,44.39,0
1068,-122.95,38.65,0
1069,-122.95,63.89,0
1070,-122.94,42.33,0
1071,-122.94,44.09,0
1072,-122.92,39.78,0
1073,-122.89,41.38,0
1074,-122.87,45.85,0
1075,-122.86,38.81,0
1076,-122.84,39.47,0
1077,-122.8,40.74,0
1078,-122.8,71.73,0
1079,-122.79,51.05,0
1080,-122.72,41.68,0
1081,-122.67,45.67,0
1082,-122.66,38.52,0
1083,-122.65,38,0
1084,-122.64,41.46,0
1085,-122.62,42.03,0
1086,-122.61,72.8,0
1087,-122.61,68.23,0
1088,-122.57,66.97,0
1089,-122.56,51.84,0
1090,-122.54,52.2,0
1091,-122.53,68.96,0
1092,-122.52,47.31,0
1093,-122.51,37.55,0
1094,-122.45,39.1,0
1095,-122.43,37.96,0
1096,-122.41,45.54,0
1097,-122.39,51.99,0
1098,-122.38,58.28,0
1099,-122.37,42.14,0
1100,-122.34,57.27,0
1101,-122.33,41.5,0
1102,-122.3,73.83,0
1103,-122.29,51.75,0
1104,-122.28,52.35,0
1105,-122.23,60.12,0
1106,-122.22,61.19,0
1107,-122.2,49.17,0
1108,-122.19,39.43,0
1109,-122.19,63.7,0
1110,-122.19,72.04,0
1111,-122.15,65.07,0
1112,-122.12,52.12,0
1113,-122.11,37.38,0
1114,-122.08,62.63,0
1115,-122.08,59.66,0
1116,-122.06,37.68,0
1117,-122.04,37.05,0
1118,-122.04,66.06,0
1119,-122.04,72.95,0
1120,-122.03,42.13,0
1121,-122,38.33,0
1122,-122,68.23,0
1123,-121.99,38.62,0
1124,-121.98,37.97,0
1125,-121.93,40.82,0
1126,-121.93,36.61,0
1127,-121.93,54.6,0
1128,-121.91,42.54,0
1129,-121.89,36.33,0
1130,-121.89,45.64,0
1131,-121.89,67.7,0
1132,-121.88,51.4,0
1133,-121.86,39.54,0
1134,-121.84,39.73,0
1135,-121.83,39.15,0
1136,-121.81,37.53,0
1137,-121.79,38.52,0
1138,-121.78,51.01,0
1139,-121.73,62.56,0
1140,-121.69,50.83,0
1141,-121.66,69.11,0
1142,-121.65,56.39,0
1143,-121.64,44.46,0
1144,-121.61,36.29,0
1145,-121.58,50.23,0
1146,-121.57,39.72,0
1147,-121.56,41.95,0
1148,-121.54,53.12,0
1149,-121.51,66.82,0
1150,-121.5,50.64,0
1151,-121.5,40.1,0
1152,-121.48,51.22,0
1153,-121.44,49.38,0
1154,-121.43,65.53,0
1155,-121.41,42.2,0
1156,-121.41,49.56,0
1157,-121.4,50.88,0
1158,-121.39,58.33,0
1159,-121.38,55.96,0
1160,-121.36,44.06,0
1161,-121.36,72.65,0
1162,-121.34,50.42,0
1163,-121.31,39.78,0
1164,-121.29,39.47,0
1165,-121.28,64.69,0
1166,-121.25,51.47,0
1167,-121.24,67.96,0
1168,-121.24,63.62,0
1169,-121.2,61.72,0
1170,-121.2,72.15,0
1171,-121.17,41.71,0
1172,-121.16,45.63,0
1173,-121.15,44.19,0
1174,-121.14,44.37,0
1175,-121.12,40.03,0
1176,-121.09,73.79,0
1177,-121.08,40.71,0
1178,-121.05,35.67,0
1179,-121.05,59.47,0
1180,-121.01,42.56,0
1181,-121,50.15,0
1182,-120.97,42.37,0
1183,-120.92,56.45,0
1184,-120.89,40.99,0
1185,-120.88,41.45,0
1186,-120.86,63.01,0
1187,-120.85,56.25,0
1188,-120.83,39.02,0
1189,-120.82,45.52,0
1190,-120.81,47.13,0
1191,-120.8,42.71,0
1192,-120.75,66.1,0
1193,-120.75,57.65,0
1194,-120.73,40.41,0
1195,-120.71,68.72,0
1196,-120.71,60.43,0
1197,-120.7,40.64,0
1198,-120.63,42.45,0
1199,-120.6,34.81,0
1200,-120.59,53.99,0
1201,-120.58,50.9,0
1202,-120.58,47.47,0
1203,-120.58,44.54,0
1204,-120.57,39.47,0
1205,-120.56,49.91,0
1206,-120.56,49.39,0
1207,-120.55,44.82,0
1208,-120.55,45.3,0
1209,-120.55,42.69,0
1210,-120.55,34.56,0
1211,-120.53,38.46,0
1212,-120.52,50.72,0
1213,-120.52,76.3,0
1214,-120.51,46.69,0
1215,-120.51,50.16,0
1216,-120.46,39.8,0
1217,-120.45,40.01,0
1218,-120.45,35.18,0
1219,-120.45,35.49,0
1220,-120.45,47.65,0
1221,-120.42,46.49,0
1222,-120.41,45.58,0
1223,-120.36,38.76,0
1224,-120.35,44.39,0
1225,-120.33,46.31,0
1226,-120.33,50.38,0
1227,-120.33,73.06,0
1228,-120.32,47.44,0
1229,-120.31,46.88,0
1230,-120.3,34.75,0
1231,-120.26,50.67,0
1232,-120.25,68.19,0
1233,-120.23,39.23,0
1234,-120.23,39.43,0
1235,-120.21,38.51,0
1236,-120.21,45,0
1237,-120.21,42.11,0
1238,-120.18,67.39,0
1239,-120.16,48.49,0
1240,-120.15,42.32,0
1241,-120.14,55.72,0
1242,-120.14,49.37,0
1243,-120.14,60.73,0
1244,-120.13,38.11,0
1245,-120.13,34.91,0
1246,-120.1,38.67,0
1247,-120.1,65.95,0
1248,-120.1,59.32,0
1249,-120.06,50.85,0
1250,-120.05,41.2,0
1251,-120.05,44.57,0
1252,-120.04,39.95,0
1253,-120.03,40.4,0
1254,-120.02,38.92,0
1255,-120.02,63.78,0
1256,-120.02,65.15,0
1257,-120.01,44.8,0
1258,-120,37.83,0
1259,-120,39.51,0
1260,-120,49.18,0
1261,-120,56.15,0
1262,-119.98,47.21,0
1263,-119.96,45.81,0
1264,-119.95,46.92,0
1265,-119.92,42.93,0
1266,-119.92,42.39,0
1267,-119.91,66.63,0
1268,-119.9,41.85,0
1269,-119.89,47.92,0
1270,-119.87,61.72,0
1271,-119.86,40.19,0
1272,-119.84,48.65,0
1273,-119.83,38.34,0
1274,-119.83,53.57,0
1275,-119.83,51.82,0
1276,-119.82,38.55,0
1277,-119.82,36.75,0
1278,-119.78,39.41,0
1279,-119.77,50.73,0
1280,-119.76,64.38,0
1281,-119.75,37.7,0
1282,-119.74,38.89,0
1283,-119.74,49.77,0
1284,-119.74,34.42,0
1285,-119.74,34.6,0
1286,-119.72,49.08,0
1287,-119.72,67.58,0
1288,-119.7,45.85,0
1289,-119.7,44.54,0
1290,-119.7,33.99,0
1291,-119.69,42.5,0
1292,-119.68,39.62,0
1293,-119.68,62.4,0
1294,-119.68,57.23,0
1295,-119.67,46.71,0
1296,-119.67,43.54,0
1297,-119.66,37.54,0
1298,-119.63,44.18,0
1299,-119.63,59.07,0
1300,-119.59,49.6,0
1301,-119.59,50.46,0
1302,-119.57,49.24,0
1303,-119.55,39.28,0
1304,-119.54,37.3,0
1305,-119.53,55.29,0
1306,-119.49,37.84,0
1307,-119.47,38.52,0
1308,-119.45,49.86,0
1309,-119.45,73.45,0
1310,-119.43,38.85,0
1311,-119.39,47.59,0
1312,-119.39,45.04,0
1313,-119.39,44.07,0
1314,-119.37,55.52,0
1315,-119.37,66.4,0
1316,-119.34,49.03,0
1317,-119.34,45.92,0
1318,-119.34,68.53,0
1319,-119.32,76.58,0
1320,-119.31,48.84,0
1321,-119.31,50.04,0
1322,-119.31,39.3,0
1323,-119.31,46.35,0
1324,-119.31,39.64,0
1325,-119.3,65.37,0
1326,-119.29,37.97,0
1327,-119.29,45.29,0
1328,-119.28,55.17,0
1329,-119.27,50.27,0
1330,-119.26,47.12,0
1331,-119.22,34.88,0
1332,-119.22,67.28,0
1333,-119.2,50.45,0
1334,-119.18,63.85,0
1335,-119.17,52.7,0
1336,-119.15,60.73,0
1337,-119.13,46.93,0
1338,-119.13,34.69,0
1339,-119.11,59.32,0
1340,-119.08,38.85,0
1341,-119.05,37.81,0
1342,-119.05,43.59,0
1343,-119.01,37.33,0
1344,-119.01,38.42,0
1345,-119.01,38.21,0
1346,-119,46.21,0
1347,-119,49.06,0
1348,-118.99,43.81,0
1349,-118.99,37.61,0
1350,-118.95,44.39,0
1351,-118.93,48.82,0
1352,-118.93,45.13,0
1353,-118.88,63.17,0
1354,-118.83,34.86,0
1355,-118.8,53.76,0
1356,-118.79,45.67,0
1357,-118.76,37.42,0
1358,-118.75,42.54,0
1359,-118.68,39.46,0
1360,-118.66,44.34,0
1361,-118.62,55.91,0
1362,-118.61,68.08,0
1363,-118.61,50.03,0
1364,-118.57,42.71,0
1365,-118.57,58.1,0
1366,-118.57,76.95,0
1367,-118.54,39.62,0
1368,-118.51,55.26,0
1369,-118.51,50.96,0
1370,-118.51,37.13,0
1371,-118.5,34.31,0
1372,-118.5,44.6,0
1373,-118.5,61.87,0
1374,-118.46,49.02,0
1375,-118.46,63.78,0
1376,-118.42,45.51,0
1377,-118.42,45.81,0
1378,-118.42,51.52,0
1379,-118.41,46.03,0
1380,-118.4,37.38,0
1381,-118.38,56.73,0
1382,-118.38,60.58,0
1383,-118.37,36.57,0
1384,-118.34,37.9,0
1385,-118.33,45.08,0
1386,-118.31,66.82,0
1387,-118.28,35.88,0
1388,-118.25,37.59,0
1389,-118.24,42.33,0
1390,-118.24,37.07,0
1391,-118.24,34.11,0
1392,-118.23,45.35,0
1393,-118.22,36.86,0
1394,-118.22,46.68,0
1395,-118.2,36.05,0
1396,-118.19,73.37,0
1397,-118.18,36.48,0
1398,-118.18,37.39,0
1399,-118.16,64.77,0
1400,-118.15,48.89,0
1401,-118.14,36.66,0
1402,-118.14,44.69,0
1403,-118.11,53.06,0
1404,-118.09,42.55,0
1405,-118.07,34.37,0
1406,-118.04,37.15,0
1407,-118.03,33.75,0
1408,-118,52.8,0
1409,-117.95,37.46,0
1410,-117.94,44.32,0
1411,-117.93,63.24,0
1412,-117.92,46.99,0
1413,-117.92,45.57,0
1414,-117.9,49.03,0
1415,-117.89,65.45,0
1416,-117.82,61.74,0
1417,-117.76,46.17,0
1418,-117.74,40.96,0
1419,-117.74,48.47,0
1420,-117.74,50.73,0
1421,-117.74,67.32,0
1422,-117.74,73.67,0
1423,-117.73,42.86,0
1424,-117.72,43.51,0
1425,-117.7,45.27,0
1426,-117.69,49.21,0
1427,-117.67,47.79,0
1428,-117.65,47.6,0
1429,-117.65,34.24,0
1430,-117.64,49,0
1431,-117.63,49.53,0
1432,-117.61,46.47,0
1433,-117.61,43.86,0
1434,-117.58,38.96,0
1435,-117.56,47.42,0
1436,-117.55,45.95,0
1437,-117.54,53.43,0
1438,-117.49,33.48,0
1439,-117.49,50.1,0
1440,-117.47,41.58,0
1441,-117.47,59.59,0
1442,-117.45,42.08,0
1443,-117.43,64.08,0
1444,-117.43,68.65,0
1445,-117.43,58.45,0
1446,-117.41,45.35,0
1447,-117.39,45.55,0
1448,-117.37,48.65,0
1449,-117.37,44.5,0
1450,-117.37,44.99,0
1451,-117.35,47.93,0
1452,-117.35,33.95,0
1453,-117.34,49.42,0
1454,-117.31,47.03,0
1455,-117.29,46.61,0
1456,-117.29,34.41,0
1457,-117.28,52.51,0
1458,-117.28,62.52,0
1459,-117.26,43.66,0
1460,-117.26,45.83,0
1461,-117.25,46.78,0
1462,-117.25,32.84,0
1463,-117.24,33.04,0
1464,-117.23,47.34,0
1465,-117.2,47.68,0
1466,-117.19,57.22,0
1467,-117.18,33.39,0
1468,-117.18,45.26,0
1469,-117.17,44.77,0
1470,-117.09,76.76,0
1471,-117.08,32.55,0
1472,-117.07,43.33,0
1473,-117.07,36.23,0
1474,-117.05,65.07,0
1475,-117.05,66.36,0
1476,-117.05,55.7,0
1477,-117.03,39.4,0
1478,-117.02,51.38,0
1479,-117.02,33.02,0
1480,-117.01,61.38,0
1481,-117,43.75,0
1482,-116.99,46.66,0
1483,-116.99,51.03,0
1484,-116.99,38.53,0
1485,-116.99,49.62,0
1486,-116.98,45.55,0
1487,-116.98,67.81,0
1488,-116.96,44.94,0
1489,-116.93,45.83,0
1490,-116.9,41,0
1491,-116.9,32.69,0
1492,-116.9,46.92,0
1493,-116.9,72.08,0
1494,-116.89,45.16,0
1495,-116.84,47.36,0
1496,-116.84,32.93,0
1497,-116.83,47.72,0
1498,-116.81,34.16,0
1499,-116.77,46.47,0
1500,-116.74,49.5,0
1501,-116.74,54.17,0
1502,-116.73,43.02,0
1503,-116.72,33.76,0
1504,-116.71,63.17,0
1505,-116.71,73.6,0
1506,-116.64,45.37,0
1507,-116.61,45,0
1508,-116.61,33.16,0
1509,-116.6,43.34,0
1510,-116.6,33.6,0
1511,-116.6,60.16,0
1512,-116.59,32.99,0
1513,-116.58,51.22,0
1514,-116.57,43.87,0
1515,-116.56,52.92,0
1516,-116.55,49.18,0
1517,-116.51,45.56,0
1518,-116.49,46.76,0
1519,-116.46,46.23,0
1520,-116.43,52.07,0
1521,-116.43,41.37,0
1522,-116.41,42.7,0
1523,-116.4,43.69,0
1524,-116.4,71.01,0
1525,-116.34,43.94,0
1526,-116.33,39.04,0
1527,-116.33,33.72,0
1528,-116.33,67,0
1529,-116.32,40.8,0
1530,-116.32,52.31,0
1531,-116.29,65.56,0
1532,-116.21,43.58,0
1533,-116.21,61.07,0
1534,-116.18,62.25,0
1535,-116.16,45.75,0
1536,-116.15,34.03,0
1537,-116.15,44.07,0
1538,-116.14,57.91,0
1539,-116.12,42.74,0
1540,-116.08,46.02,0
1541,-116.02,68.19,0
1542,-116.01,50.53,0
1543,-116,42.34,0
1544,-116,55.41,0
1545,-115.95,42.94,0
1546,-115.93,49.62,0
1547,-115.93,44.92,0
1548,-115.92,39.39,0
1549,-115.86,72.49,0
1550,-115.85,50.17,0
1551,-115.8,41.68,0
1552,-115.8,59.44,0
1553,-115.78,64.41,0
1554,-115.76,65.98,0
1555,-115.74,36.43,0
1556,-115.74,49.8,0
1557,-115.72,42.91,0
1558,-115.65,49.55,0
1559,-115.6,36.27,0
1560,-115.59,35.55,0
1561,-115.57,69.75,0
1562,-115.55,35.31,0
1563,-115.55,31.43,0
1564,-115.53,51.21,0
1565,-115.53,36.07,0
1566,-115.48,53.89,0
1567,-115.42,49.42,0
1568,-115.36,36.44,0
1569,-115.34,56.69,0
1570,-115.31,47.57,0
1571,-115.3,42.95,0
1572,-115.3,68.53,0
1573,-115.29,35.27,0
1574,-115.22,62.56,0
1575,-115.19,72.04,0
1576,-115.16,35.57,0
1577,-115.15,61,0
1578,-115.15,63.97,0
1579,-115.14,49.11,0
1580,-115.12,58.62,0
1581,-115.12,49.3,0
1582,-115.11,37.26,0
1583,-115.11,36.62,0
1584,-115.09,38.44,0
1585,-115.08,48.89,0
1586,-115.06,38.27,0
1587,-115.05,51.04,0
1588,-115.04,37.81,0
1589,-115.03,66.67,0
1590,-115,47.15,0
1591,-114.97,53.52,0
1592,-114.96,75.31,0
1593,-114.95,43.34,0
1594,-114.9,52.23,0
1595,-114.9,39.69,0
1596,-114.9,51.28,0
1597,-114.9,54.28,0
1598,-114.89,47.46,0
1599,-114.88,55.1,0
1600,-114.86,42.76,0
1601,-114.85,51.48,0
1602,-114.84,50.55,0
1603,-114.84,71.2,0
1604,-114.78,50.75,0
1605,-114.77,64.69,0
1606,-114.73,69.68,0
1607,-114.71,36.72,0
1608,-114.69,39.19,0
1609,-114.68,50.91,0
1610,-114.64,39.48,0
1611,-114.59,47.01,0
1612,-114.59,44.14,0
1613,-114.58,65.91,0
1614,-114.56,49.63,0
1615,-114.55,53.27,0
1616,-114.54,50.03,0
1617,-114.53,48.09,0
1618,-114.52,46.75,0
1619,-114.5,58.86,0
1620,-114.49,47.71,0
1621,-114.49,49,0
1622,-114.43,56.85,0
1623,-114.41,37.53,0
1624,-114.41,43.81,0
1625,-114.4,38.24,0
1626,-114.39,60.43,0
1627,-114.38,42.59,0
1628,-114.38,45.31,0
1629,-114.36,50.72,0
1630,-114.36,51.17,0
1631,-114.35,49.87,0
1632,-114.35,49.38,0
1633,-114.35,42.22,0
1634,-114.35,62.33,0
1635,-114.29,39.12,0
1636,-114.29,46.05,0
1637,-114.29,50.55,0
1638,-114.26,47.37,0
1639,-114.24,49.54,0
1640,-114.23,75.69,0
1641,-114.21,33.21,0
1642,-114.21,49.71,0
1643,-114.2,50.21,0
1644,-114.16,46.26,0
1645,-114.16,71.69,0
1646,-114.14,42.59,0
1647,-114.12,61.3,0
1648,-114.1,51.71,0
1649,-114.09,43.83,0
1650,-114.08,46.73,0
1651,-114.08,46.48,0
1652,-114.08,53.87,0
1653,-114.08,63.74,0
1654,-114.07,49.96,0
1655,-114.07,43.31,0
1656,-114.06,49.34,0
1657,-114.05,51.13,0
1658,-114.03,49.13,0
1659,-114.01,42.37,0
1660,-114.01,50.91,0
1661,-114.01,44.42,0
1662,-114.01,66.82,0
1663,-114,36.28,0
1664,-114,52.48,0
1665,-113.97,46.91,0
1666,-113.9,50.13,0
1667,-113.89,55.08,0
1668,-113.89,49.57,0
1669,-113.89,58.79,0
1670,-113.88,39.88,0
1671,-113.86,44.2,0
1672,-113.85,37.09,0
1673,-113.85,35.07,0
1674,-113.85,43.64,0
1675,-113.81,36.8,0
1676,-113.79,34.4,0
1677,-113.79,49.21,0
1678,-113.77,52.37,0
1679,-113.74,42.54,0
1680,-113.74,47.4,0
1681,-113.74,48.69,0
1682,-113.72,50.8,0
1683,-113.7,42.25,0
1684,-113.69,46.4,0
1685,-113.66,61.89,0
1686,-113.66,64.69,0
1687,-113.65,49.71,0
1688,-113.63,51.17,0
1689,-113.63,52.55,0
1690,-113.62,41.8,0
1691,-113.59,50.03,0
1692,-113.58,36.14,0
1693,-113.57,36.85,0
1694,-113.57,43.72,0
1695,-113.54,53.26,0
1696,-113.51,38.49,0
1697,-113.51,59.89,0
1698,-113.49,49,0
1699,-113.48,42.67,0
1700,-113.48,43.99,0
1701,-113.46,46.93,0
1702,-113.45,37.35,0
1703,-113.44,48.75,0
1704,-113.44,57.23,0
1705,-113.44,72,0
1706,-113.43,36.62,0
1707,-113.43,75.55,0
1708,-113.4,39.85,0
1709,-113.4,34.67,0
1710,-113.4,63.2,0
1711,-113.38,41.91,0
1712,-113.37,37.79,0
1713,-113.36,44.14,0
1714,-113.36,33.82,0
1715,-113.36,65.87,0
1716,-113.32,53.87,0
1717,-113.32,69.75,0
1718,-113.28,53.47,0
1719,-113.27,53.68,0
1720,-113.27,27.67,0
1721,-113.25,34.41,0
1722,-113.24,45.33,0
1723,-113.24,52.2,0
1724,-113.23,36.36,0
1725,-113.22,52.99,0
1726,-113.22,35.52,0
1727,-113.22,49.49,0
1728,-113.18,37.21,0
1729,-113.15,37.47,0
1730,-113.1,42.9,0
1731,-113.09,42.12,0
1732,-113.09,45.62,0
1733,-113.02,45.01,0
1734,-113.01,37,0
1735,-113.01,49.81,0
1736,-113,42.67,0
1737,-112.98,36.49,0
1738,-112.97,37.25,0
1739,-112.96,51.3,0
1740,-112.96,51.94,0
1741,-112.93,53.71,0
1742,-112.9,47.19,0
1743,-112.88,49.09,0
1744,-112.88,71.63,0
1745,-112.87,44.07,0
1746,-112.85,52.98,0
1747,-112.85,50.78,0
1748,-112.83,56.43,0
1749,-112.8,37.7,0
1750,-112.8,49.65,0
1751,-112.79,55.29,0
1752,-112.78,51.47,0
1753,-112.75,43.02,0
1754,-112.75,66.78,0
1755,-112.75,61.03,0
1756,-112.74,35.29,0
1757,-112.74,36.88,0
1758,-112.71,46.23,0
1759,-112.7,33.94,0
1760,-112.7,34.28,0
1761,-112.67,63.32,0
1762,-112.66,48.12,0
1763,-112.66,37.19,0
1764,-112.64,45.21,0
1765,-112.64,51.96,0
1766,-112.64,74.74,0
1767,-112.63,51.28,0
1768,-112.62,40.49,0
1769,-112.6,36.67,0
1770,-112.6,58.29,0
1771,-112.58,52.6,0
1772,-112.56,48.36,0
1773,-112.56,75.54,0
1774,-112.55,32.45,0
1775,-112.53,46.01,0
1776,-112.52,38.26,0
1777,-112.52,37.5,0
1778,-112.51,47.28,0
1779,-112.5,42.89,0
1780,-112.5,34.48,0
1781,-112.45,59.12,0
1782,-112.43,37.05,0
1783,-112.42,43.22,0
1784,-112.41,41.34,0
1785,-112.4,34.64,0
1786,-112.39,38.42,0
1787,-112.39,46.53,0
1788,-112.38,47.09,0
1789,-112.37,65.6,0
1790,-112.36,34.16,0
1791,-112.35,38.07,0
1792,-112.35,54.76,0
1793,-112.34,49.25,0
1794,-112.33,69.35,0
1795,-112.29,42.21,0
1796,-112.29,40.54,0
1797,-112.28,51.42,0
1798,-112.28,42.43,0
1799,-112.27,43.95,0
1800,-112.27,54.14,0
1801,-112.26,36.78,0
1802,-112.25,41.05,0
1803,-112.25,51.67,0
1804,-112.24,43.35,0
1805,-112.24,51.92,0
1806,-112.24,50.43,0
1807,-112.22,41.47,0
1808,-112.22,72.42,0
1809,-112.21,33.23,0
1810,-112.21,42.88,0
1811,-112.19,33.58,0
1812,-112.19,37.81,0
1813,-112.18,35.9,0
1814,-112.13,36.49,0
1815,-112.13,37.64,0
1816,-112.12,34.75,0
1817,-112.1,37.97,0
1818,-112.1,40.3,0
1819,-112.09,41.29,0
1820,-112.09,64.72,0
1821,-112.06,46.55,0
1822,-112.06,66.52,0
1823,-112.06,60.54,0
1824,-112.05,34.95,0
1825,-112.04,43.44,0
1826,-112.01,40.58,0
1827,-112.01,35.26,0
1828,-112,54.97,0
1829,-111.99,57.57,0
1830,-111.99,56.09,0
1831,-111.98,49.01,0
1832,-111.97,40.83,0
1833,-111.97,37.03,0
1834,-111.97,35.98,0
1835,-111.96,43.75,0
1836,-111.96,37.49,0
1837,-111.95,41.5,0
1838,-111.95,33.4,0
1839,-111.95,50.88,0
1840,-111.95,61.83,0
1841,-111.93,41.07,0
1842,-111.88,40.36,0
1843,-111.88,41.84,0
1844,-111.87,45.08,0
1845,-111.87,37.67,0
1846,-111.85,45.84,0
1847,-111.84,77.63,0
1848,-111.84,74.7,0
1849,-111.83,47.16,0
1850,-111.81,38.52,0
1851,-111.81,46.7,0
1852,-111.81,46.94,0
1853,-111.8,34.48,0
1854,-111.79,33.85,0
1855,-111.77,52.19,0
1856,-111.76,47.56,0
1857,-111.76,39.82,0
1858,-111.75,35.92,0
1859,-111.74,36.17,0
1860,-111.73,45.37,0
1861,-111.73,35.16,0
1862,-111.73,34.92,0
1863,-111.72,43.66,0
1864,-111.72,55.4,0
1865,-111.71,33.36,0
1866,-111.71,38.11,0
1867,-111.7,40.78,0
1868,-111.7,37.09,0
1869,-111.69,42.22,0
1870,-111.68,43.96,0
1871,-111.68,71.31,0
1872,-111.67,41.04,0
1873,-111.67,35.54,0
1874,-111.65,49.08,0
1875,-111.64,34.76,0
1876,-111.63,36.84,0
1877,-111.63,36.65,0
1878,-111.63,37.79,0
1879,-111.61,38.68,0
1880,-111.6,40.17,0
1881,-111.57,38.49,0
1882,-111.57,53.1,0
1883,-111.56,35.37,0
1884,-111.55,52.38,0
1885,-111.53,63.28,0
1886,-111.52,40.34,0
1887,-111.51,38.89,0
1888,-111.5,40.59,0
1889,-111.5,38.16,0
1890,-111.5,46.33,0
1891,-111.49,34.38,0
1892,-111.49,50.77,0
1893,-111.49,45.93,0
1894,-111.46,35.05,0
1895,-111.45,49.87,0
1896,-111.45,44.31,0
1897,-111.44,43.49,0
1898,-111.42,33.4,0
1899,-111.42,66.06,0
1900,-111.41,33.63,0
1901,-111.41,41.96,0
1902,-111.4,40.99,0
1903,-111.39,25.08,0
1904,-111.38,34.04,0
1905,-111.36,38.01,0
1906,-111.35,44.86,0
1907,-111.34,42.21,0
1908,-111.34,38.5,0
1909,-111.34,51.55,0
1910,-111.33,31.62,0
1911,-111.32,34.27,0
1912,-111.31,47.52,0
1913,-111.3,45.27,0
1914,-111.27,44.5,0
1915,-111.25,39.11,0
1916,-111.25,45.77,0
1917,-111.24,38.29,0
1918,-111.24,45.45,0
1919,-111.24,39.66,0
1920,-111.23,67.2,0
1921,-111.21,44.7,0
1922,-111.21,42.97,0
1923,-111.19,57,0
1924,-111.16,45.08,0
1925,-111.15,38.09,0
1926,-111.15,32.27,0
1927,-111.15,33.28,0
1928,-111.15,69.41,0
1929,-111.12,31.8,0
1930,-111.11,49.88,0
1931,-111.1,34.37,0
1932,-111.1,37.75,0
1933,-111.09,31.4,0
1934,-111.09,41.44,0
1935,-111.08,33.5,0
1936,-111.08,43.77,0
1937,-111.08,45.92,0
1938,-111.07,59.4,0
1939,-111.06,47.59,0
1940,-111.05,31.57,0
1941,-111.04,33.95,0
1942,-111.04,45.65,0
1943,-111.02,32.5,0
1944,-111,37.3,0
1945,-111,64.77,0
1946,-110.98,38.35,0
1947,-110.96,29.05,0
1948,-110.96,60.73,0
1949,-110.95,48.51,0
1950,-110.94,40.18,0
1951,-110.92,32.24,0
1952,-110.92,33.76,0
1953,-110.9,45.21,0
1954,-110.89,58.19,0
1955,-110.89,53.7,0
1956,-110.88,70.25,0
1957,-110.87,33.1,0
1958,-110.87,49.2,0
1959,-110.87,53.34,0
1960,-110.87,52.76,0
1961,-110.86,49.65,0
1962,-110.85,31.5,0
1963,-110.85,44.54,0
1964,-110.85,37.76,0
1965,-110.84,39.62,0
1966,-110.81,62.75,0
1967,-110.8,50.34,0
1968,-110.79,51.77,0
1969,-110.79,50.04,0
1970,-110.77,37.17,0
1971,-110.74,44.94,0
1972,-110.74,43.47,0
1973,-110.72,43.73,0
1974,-110.71,42.11,0
1975,-110.7,45.36,0
1976,-110.69,32.4,0
1977,-110.69,71.85,0
1978,-110.68,32.13,0
1979,-110.68,39.98,0
1980,-110.68,42.66,0
1981,-110.66,45.99,0
1982,-110.66,31.68,0
1983,-110.66,31.94,0
1984,-110.65,34.97,0
1985,-110.64,34.39,0
1986,-110.62,39.27,0
1987,-110.61,35.89,0
1988,-110.6,52.62,0
1989,-110.58,75.01,0
1990,-110.57,45.66,0
1991,-110.56,43.88,0
1992,-110.55,44.75,0
1993,-110.54,49.92,0
1994,-110.54,63.74,0
1995,-110.53,45.49,0
1996,-110.53,49.08,0
1997,-110.51,40.5,0
1998,-110.5,48.02,0
1999,-110.45,49.6,0
2000,-110.44,31.11,0
2001,-110.44,31.57,0
2002,-110.44,71.24,0
2003,-110.42,31.81,0
2004,-110.42,34.55,0
2005,-110.41,49.26,0
2006,-110.4,43.14,0
2007,-110.39,42.43,0
2008,-110.39,44.55,0
2009,-110.35,39.63,0
2010,-110.31,50.68,0
2011,-110.3,32.97,0
2012,-110.3,31.43,0
2013,-110.28,34.97,0
2014,-110.24,49.73,0
2015,-110.24,34.78,0
2016,-110.23,32.33,0
2017,-110.22,47.28,0
2018,-110.18,38.25,0
2019,-110.18,48.9,0
2020,-110.17,44.87,0
2021,-110.17,46.45,0
2022,-110.16,31.6,0
2023,-110.16,51.92,0
2024,-110.16,65.45,0
2025,-110.16,57.46,0
2026,-110.15,38.99,0
2027,-110.13,61.42,0
2028,-110.12,69.79,0
2029,-110.12,56.05,0
2030,-110.11,39.16,0
2031,-110.09,34.17,0
2032,-110.08,32.06,0
2033,-110.03,50.91,0
2034,-110.01,52.58,0
2035,-110.01,66.52,0
2036,-110,38.73,0
2037,-110,35.03,0
2038,-109.97,50.58,0
2039,-109.97,60.31,0
2040,-109.96,45.84,0
2041,-109.93,41.18,0
2042,-109.93,67.35,0
2043,-109.89,46.03,0
2044,-109.89,34.82,0
2045,-109.89,62.63,0
2046,-109.89,70.7,0
2047,-109.88,32.67,0
2048,-109.87,39.79,0
2049,-109.87,49.57,0
2050,-109.87,33.83,0
2051,-109.85,41.91,0
2052,-109.85,41.54,0
2053,-109.83,34.07,0
2054,-109.83,38.43,0
2055,-109.83,38.22,0
2056,-109.82,58.98,0
2057,-109.82,54.37,0
2058,-109.81,37.67,0
2059,-109.79,35.07,0
2060,-109.73,44.93,0
2061,-109.72,40.93,0
2062,-109.71,49.98,0
2063,-109.7,48.26,0
2064,-109.7,48.55,0
2065,-109.67,55.55,0
2066,-109.66,38.02,0
2067,-109.66,34.18,0
2068,-109.64,47.72,0
2069,-109.63,39.86,0
2070,-109.62,51.47,0
2071,-109.6,43.54,0
2072,-109.53,52.52,0
2073,-109.52,49.65,0
2074,-109.52,33.95,0
2075,-109.5,38.67,0
2076,-109.49,40.48,0
2077,-109.44,33.72,0
2078,-109.42,39.4,0
2079,-109.42,37.78,0
2080,-109.41,35.58,0
2081,-109.4,39.58,0
2082,-109.4,45.06,0
2083,-109.4,64.08,0
2084,-109.39,40.95,0
2085,-109.36,34.55,0
2086,-109.36,31.86,0
2087,-109.36,61.57,0
2088,-109.36,57.46,0
2089,-109.35,47.06,0
2090,-109.29,34.14,0
2091,-109.28,50.66,0
2092,-109.26,45.49,0
2093,-109.25,35.75,0
2094,-109.25,71.69,0
2095,-109.24,40.41,0
2096,-109.21,38.7,0
2097,-109.21,56.39,0
2098,-109.21,69.37,0
2099,-109.19,53.52,0
2100,-109.18,33.99,0
2101,-109.13,59.32,0
2102,-109.11,49.19,0
2103,-109.06,44.52,0
2104,-109.06,76.42,0
2105,-108.98,33.57,0
2106,-108.98,63.01,0
2107,-108.97,40.29,0
2108,-108.97,48.43,0
2109,-108.94,40.55,0
2110,-108.94,66.21,0
2111,-108.93,31.51,0
2112,-108.93,39.35,0
2113,-108.88,44.69,0
2114,-108.88,42.45,0
2115,-108.87,60.16,0
2116,-108.81,49.57,0
2117,-108.8,33.13,0
2118,-108.8,70.37,0
2119,-108.79,38.97,0
2120,-108.71,38.36,0
2121,-108.71,75.92,0
2122,-108.7,46.33,0
2123,-108.65,32.94,0
2124,-108.65,33.92,0
2125,-108.64,65.03,0
2126,-108.64,58.28,0
2127,-108.62,44.76,0
2128,-108.58,47.62,0
2129,-108.56,40.43,0
2130,-108.56,37.54,0
2131,-108.53,47.92,0
2132,-108.5,37.26,0
2133,-108.46,38.43,0
2134,-108.46,45.78,0
2135,-108.45,33.48,0
2136,-108.45,30.84,0
2137,-108.45,35.55,0
2138,-108.45,61.3,0
2139,-108.45,71.31,0
2140,-108.37,31.43,0
2141,-108.37,38.65,0
2142,-108.35,35.04,0
2143,-108.29,39.91,0
2144,-108.29,32.74,0
2145,-108.24,45.14,0
2146,-108.23,51.49,0
2147,-108.21,43.65,0
2148,-108.21,33.19,0
2149,-108.2,50.18,0
2150,-108.19,42.68,0
2151,-108.18,37.03,0
2152,-108.18,54.71,0
2153,-108.11,33.41,0
2154,-108.09,39.05,0
2155,-108.01,35.11,0
2156,-108,50.67,0
2157,-107.99,36.83,0
2158,-107.95,60.16,0
2159,-107.95,75.23,0
2160,-107.94,38.84,0
2161,-107.91,64.92,0
2162,-107.91,69.33,0
2163,-107.89,38.49,0
2164,-107.85,40,0
2165,-107.85,56.09,0
2166,-107.83,34.95,0
2167,-107.83,43.68,0
2168,-107.81,42.54,0
2169,-107.8,50.28,0
2170,-107.8,63.78,0
2171,-107.78,37.81,0
2172,-107.78,36.08,0
2173,-107.78,62.13,0
2174,-107.77,47.75,0
2175,-107.76,38.28,0
2176,-107.72,52.48,0
2177,-107.72,66.1,0
2178,-107.71,37,0
2179,-107.68,33.91,0
2180,-107.68,36.61,0
2181,-107.68,38.02,0
2182,-107.62,34.1,0
2183,-107.61,38.68,0
2184,-107.61,27.73,0
2185,-107.61,58.86,0
2186,-107.6,33.37,0
2187,-107.6,32.09,0
2188,-107.6,35.25,0
2189,-107.56,32.94,0
2190,-107.55,42.45,0
2191,-107.53,43.84,0
2192,-107.52,37.71,0
2193,-107.52,44.74,0
2194,-107.43,45.57,0
2195,-107.41,33.22,0
2196,-107.4,32.46,0
2197,-107.39,50.71,0
2198,-107.39,45.1,0
2199,-107.28,44.11,0
2200,-107.28,36.98,0
2201,-107.28,36.61,0
2202,-107.24,32.8,0
2203,-107.24,38.38,0
2204,-107.23,39.2,0
2205,-107.23,37.73,0
2206,-107.2,49.18,0
2207,-107.2,31.92,0
2208,-107.15,39.4,0
2209,-107.15,47.59,0
2210,-107.15,60.84,0
2211,-107.14,32.49,0
2212,-107.13,44.92,0
2213,-107.12,70.59,0
2214,-107.11,33.39,0
2215,-107.09,50.41,0
2216,-107.09,34.07,0
2217,-107.08,72.49,0
2218,-107.07,47.9,0
2219,-107.07,39.69,0
2220,-107.07,25.23,0
2221,-107.06,38.91,0
2222,-107.03,32.81,0
2223,-107,37.17,0
2224,-106.99,44.35,0
2225,-106.96,38.63,0
2226,-106.95,44.78,0
2227,-106.94,35.03,0
2228,-106.93,65.98,0
2229,-106.93,71.24,0
2230,-106.92,39.3,0
2231,-106.85,36.02,0
2232,-106.84,35.5,0
2233,-106.83,39.64,0
2234,-106.81,51.26,0
2235,-106.81,65.07,0
2236,-106.81,62.82,0
2237,-106.8,41.45,0
2238,-106.79,48.56,0
2239,-106.77,49.77,0
2240,-106.77,36.23,0
2241,-106.77,55.25,0
2242,-106.76,34.21,0
2243,-106.76,52.09,0
2244,-106.75,37.8,0
2245,-106.73,36.58,0
2246,-106.73,57.87,0
2247,-106.73,56.54,0
2248,-106.72,51.91,0
2249,-106.66,35.07,0
2250,-106.65,35.89,0
2251,-106.63,36.07,0
2252,-106.61,32.21,0
2253,-106.61,40.6,0
2254,-106.59,32.39,0
2255,-106.56,32.68,0
2256,-106.54,39.12,0
2257,-106.52,53.6,0
2258,-106.51,31.94,0
2259,-106.51,38.56,0
2260,-106.5,43.41,0
2261,-106.48,51.04,0
2262,-106.47,37.33,0
2263,-106.47,50.66,0
2264,-106.47,67.7,0
2265,-106.45,35.33,0
2266,-106.43,48.01,0
2267,-106.41,39.68,0
2268,-106.4,36.23,0
2269,-106.4,34.7,0
2270,-106.39,36.97,0
2271,-106.39,63.78,0
2272,-106.38,49.32,0
2273,-106.35,28.86,0
2274,-106.35,35.15,0
2275,-106.34,42.85,0
2276,-106.3,52.14,0
2277,-106.29,40.38,0
2278,-106.28,59.78,0
2279,-106.28,75.5,0
2280,-106.27,37.65,0
2281,-106.26,47.73,0
2282,-106.24,32.8,0
2283,-106.23,45.44,0
2284,-106.21,71.94,0
2285,-106.2,36.63,0
2286,-106.2,34.96,0
2287,-106.2,66.71,0
2288,-106.19,40.06,0
2289,-106.15,41.59,0
2290,-106.15,37.49,0
2291,-106.13,29.94,0
2292,-106.13,72.68,0
2293,-106.12,52.75,0
2294,-106.11,28.59,0
2295,-106.09,39.38,0
2296,-106.08,35.74,0
2297,-106.07,39.03,0
2298,-106.04,38.37,0
2299,-106,38.54,0
2300,-106,54,0
2301,-105.97,62.21,0
2302,-105.95,52.14,0
2303,-105.95,43.67,0
2304,-105.93,45.49,0
2305,-105.92,33.11,0
2306,-105.89,35.58,0
2307,-105.88,31.83,0
2308,-105.83,39.07,0
2309,-105.83,37.11,0
2310,-105.82,44.53,0
2311,-105.82,39.49,0
2312,-105.81,35.91,0
2313,-105.81,64.09,0
2314,-105.78,65.6,0
2315,-105.77,34.42,0
2316,-105.74,41.12,0
2317,-105.74,42.84,0
2318,-105.73,39.7,0
2319,-105.72,50.75,0
2320,-105.71,40.4,0
2321,-105.71,70.48,0
2322,-105.71,55.74,0
2323,-105.7,34.1,0
2324,-105.67,61.64,0
2325,-105.66,36.76,0
2326,-105.63,35.01,0
2327,-105.62,42.41,0
2328,-105.61,41.42,0
2329,-105.61,40.7,0
2330,-105.61,35.69,0
2331,-105.61,33.03,0
2332,-105.59,39.91,0
2333,-105.58,36.43,0
2334,-105.58,44.45,0
2335,-105.58,38.4,0
2336,-105.58,40.91,0
2337,-105.57,46.63,0
2338,-105.56,35.43,0
2339,-105.56,38.08,0
2340,-105.55,46.26,0
2341,-105.54,39.04,0
2342,-105.53,40.19,0
2343,-105.53,50.41,0
2344,-105.52,71.43,0
2345,-105.51,33.47,0
2346,-105.51,32.76,0
2347,-105.51,44.27,0
2348,-105.5,26.45,0
2349,-105.5,39.27,0
2350,-105.5,56.79,0
2351,-105.49,39.46,0
2352,-105.49,37.65,0
2353,-105.48,36.59,0
2354,-105.48,67.81,0
2355,-105.47,32.46,0
2356,-105.47,44.96,0
2357,-105.47,40.56,0
2358,-105.45,35.81,0
2359,-105.44,36.95,0
2360,-105.44,40.36,0
2361,-105.44,44.63,0
2362,-105.44,73.33,0
2363,-105.43,37.43,0
2364,-105.42,40.03,0
2365,-105.42,39.63,0
2366,-105.41,51.22,0
2367,-105.41,36.02,0
2368,-105.4,35.61,0
2369,-105.39,43.96,0
2370,-105.38,41.16,0
2371,-105.37,52.2,0
2372,-105.36,39.85,0
2373,-105.35,40.95,0
2374,-105.34,35.26,0
2375,-105.33,50.58,0
2376,-105.32,32.95,0
2377,-105.31,34.99,0
2378,-105.31,42.41,0
2379,-105.31,46.82,0
2380,-105.31,40.69,0
2381,-105.3,36.34,0
2382,-105.29,41.86,0
2383,-105.29,47.31,0
2384,-105.29,38.91,0
2385,-105.27,40.21,0
2386,-105.26,42.23,0
2387,-105.25,36.76,0
2388,-105.23,36.17,0
2389,-105.23,40.42,0
2390,-105.23,38.33,0
2391,-105.21,37.96,0
2392,-105.2,37.59,0
2393,-105.2,36.54,0
2394,-105.2,51.43,0
2395,-105.19,39.7,0
2396,-105.19,49.22,0
2397,-105.19,39.11,0
2398,-105.18,34.59,0
2399,-105.17,35.53,0
2400,-105.17,58.48,0
2401,-105.16,39.4,0
2402,-105.16,50.99,0
2403,-105.14,40.04,0
2404,-105.13,37.32,0
2405,-105.13,48.8,0
2406,-105.13,42.84,0
2407,-105.13,36.93,0
2408,-105.11,34.13,0
2409,-105.11,39.87,0
2410,-105.11,43.59,0
2411,-105.1,40.98,0
2412,-105.1,40.61,0
2413,-105.08,33.66,0
2414,-105.08,38.14,0
2415,-105.08,49.72,0
2416,-105.07,40.3,0
2417,-105.07,23.89,0
2418,-105.06,65.56,0
2419,-105.03,46.43,0
2420,-105.03,39.55,0
2421,-105.02,35.08,0
2422,-105.01,36.18,0
2423,-105.01,37.88,0
2424,-105.01,38.79,0
2425,-105.01,35.9,0
2426,-104.99,34.9,0
2427,-104.99,37.54,0
2428,-104.99,50.02,0
2429,-104.98,38.98,0
2430,-104.98,60.77,0
2431,-104.98,62.44,0
2432,-104.97,38.37,0
2433,-104.96,42.13,0
2434,-104.96,35.59,0
2435,-104.96,44.96,0
2436,-104.96,39.73,0
2437,-104.95,41.79,0
2438,-104.95,42.42,0
2439,-104.95,67.39,0
2440,-104.94,27.31,0
2441,-104.91,49.03,0
2442,-104.91,50.77,0
2443,-104.9,40.47,0
2444,-104.9,32.1,0
2445,-104.9,47.27,0
2446,-104.9,39.41,0
2447,-104.89,38.62,0
2448,-104.89,41.54,0
2449,-104.89,44.79,0
2450,-104.89,39.23,0
2451,-104.88,36.95,0
2452,-104.87,63.47,0
2453,-104.86,36.51,0
2454,-104.85,36.77,0
2455,-104.84,44.59,0
2456,-104.84,32.38,0
2457,-104.84,50.55,0
2458,-104.84,51.24,0
2459,-104.84,33.37,0
2460,-104.83,38.04,0
2461,-104.83,39.87,0
2462,-104.82,40.86,0
2463,-104.82,31.9,0
2464,-104.81,54.19,0
2465,-104.8,40.31,0
2466,-104.79,23.97,0
2467,-104.79,37.24,0
2468,-104.79,59.85,0
2469,-104.78,44.39,0
2470,-104.78,41.11,0
2471,-104.76,64.8,0
2472,-104.76,56.73,0
2473,-104.75,37.81,0
2474,-104.74,39.1,0
2475,-104.73,41.98,0
2476,-104.73,39.65,0
2477,-104.69,35.52,0
2478,-104.68,40.51,0
2479,-104.68,31.11,0
2480,-104.67,34.94,0
2481,-104.67,39.46,0
2482,-104.67,49.3,0
2483,-104.66,47.06,0
2484,-104.65,46.42,0
2485,-104.65,38.63,0
2486,-104.63,36.73,0
2487,-104.63,42.65,0
2488,-104.63,32.14,0
2489,-104.61,38.84,0
2490,-104.61,39.96,0
2491,-104.61,36.91,0
2492,-104.61,38.45,0
2493,-104.61,47.69,0
2494,-104.61,50.79,0
2495,-104.6,38.26,0
2496,-104.6,36.39,0
2497,-104.6,40.79,0
2498,-104.59,50.42,0
2499,-104.59,44.68,0
2500,-104.59,36.02,0
2501,-104.57,37.14,0
2502,-104.57,44.14,0
2503,-104.56,42.2,0
2504,-104.56,69.82,0
2505,-104.55,46.06,0
2506,-104.53,39.74,0
2507,-104.52,48.15,0
2508,-104.52,45.52,0
2509,-104.52,44.87,0
2510,-104.51,40.97,0
2511,-104.51,44.31,0
2512,-104.49,48.38,0
2513,-104.46,48.56,0
2514,-104.45,43.34,0
2515,-104.45,45.82,0
2516,-104.44,47.91,0
2517,-104.42,32.19,0
2518,-104.4,35.91,0
2519,-104.4,41.72,0
2520,-104.39,34.61,0
2521,-104.39,38.46,0
2522,-104.38,37.94,0
2523,-104.38,38.73,0
2524,-104.36,41.45,0
2525,-104.34,44.58,0
2526,-104.34,33.42,0
2527,-104.34,40.65,0
2528,-104.33,39.52,0
2529,-104.33,43.62,0
2530,-104.32,39.04,0
2531,-104.32,66.53,0
2532,-104.31,42.1,0
2533,-104.29,39.21,0
2534,-104.29,44.41,0
2535,-104.29,41.17,0
2536,-104.29,50.59,0
2537,-104.27,36.94,0
2538,-104.27,46.96,0
2539,-104.27,37.17,0
2540,-104.27,46.05,0
2541,-104.27,36.08,0
2542,-104.23,30.59,0
2543,-104.22,32.43,0
2544,-104.2,43.85,0
2545,-104.2,44.24,0
2546,-104.18,35.39,0
2547,-104.18,46.5,0
2548,-104.18,79.12,0
2549,-104.16,47.35,0
2550,-104.15,63.59,0
2551,-104.11,38.16,0
2552,-104.09,40.38,0
2553,-104.09,32.28,0
2554,-104.08,44.58,0
2555,-104.07,35.09,0
2556,-104.07,31.92,0
2557,-104.07,44.08,0
2558,-104.07,64.96,0
2559,-104.06,24.59,0
2560,-104.06,41.91,0
2561,-104.04,35.66,0
2562,-104.02,30.3,0
2563,-104.01,43.55,0
2564,-104,37.04,0
2565,-103.99,45.55,0
2566,-103.99,40.82,0
2567,-103.98,39.51,0
2568,-103.98,36.78,0
2569,-103.97,47.86,0
2570,-103.97,34.45,0
2571,-103.97,45.17,0
2572,-103.96,60.84,0
2573,-103.94,30.59,0
2574,-103.93,38.47,0
2575,-103.93,41.76,0
2576,-103.92,57.99,0
2577,-103.91,46.3,0
2578,-103.91,37.34,0
2579,-103.9,50.79,0
2580,-103.89,38.28,0
2581,-103.88,41.54,0
2582,-103.88,42.72,0
2583,-103.88,43.81,0
2584,-103.87,40.42,0
2585,-103.85,35.27,0
2586,-103.85,49.67,0
2587,-103.85,44.28,0
2588,-103.85,20.6,0
2589,-103.84,38.74,0
2590,-103.84,59.21,0
2591,-103.84,55.36,0
2592,-103.83,39.32,0
2593,-103.83,36.06,0
2594,-103.83,44.07,0
2595,-103.83,43.3,0
2596,-103.82,46.96,0
2597,-103.81,41.22,0
2598,-103.8,67.13,0
2599,-103.77,31.67,0
2600,-103.73,44.48,0
2601,-103.73,30.99,0
2602,-103.73,56.69,0
2603,-103.72,44.71,0
2604,-103.72,42.57,0
2605,-103.72,37.12,0
2606,-103.71,41.83,0
2607,-103.7,38.88,0
2608,-103.7,52.55,0
2609,-103.69,41.02,0
2610,-103.69,35.9,0
2611,-103.69,62.29,0
2612,-103.68,42.08,0
2613,-103.68,39.47,0
2614,-103.65,35.71,0
2615,-103.65,53.84,0
2616,-103.64,36.54,0
2617,-103.63,43.7,0
2618,-103.63,42.84,0
2619,-103.62,48.2,0
2620,-103.62,47.24,0
2621,-103.61,34.34,0
2622,-103.61,37.62,0
2623,-103.6,30.28,0
2624,-103.6,25.9,0
2625,-103.6,43.89,0
2626,-103.59,40.25,0
2627,-103.59,47.05,0
2628,-103.58,41.58,0
2629,-103.58,39.16,0
2630,-103.57,30.05,0
2631,-103.56,33.33,0
2632,-103.56,34.03,0
2633,-103.56,45.57,0
2634,-103.55,42.33,0
2635,-103.53,41.95,0
2636,-103.51,38.72,0
2637,-103.5,36.83,0
2638,-103.48,43.18,0
2639,-103.47,29.49,0
2640,-103.47,45.84,0
2641,-103.47,40.97,0
2642,-103.46,65.98,0
2643,-103.45,37,0
2644,-103.45,43.35,0
2645,-103.45,42.71,0
2646,-103.45,34.92,0
2647,-103.44,46.6,0
2648,-103.44,47.6,0
2649,-103.42,44.47,0
2650,-103.42,44.2,0
2651,-103.4,43.55,0
2652,-103.4,46.92,0
2653,-103.39,29.23,0
2654,-103.39,38.07,0
2655,-103.37,39.74,0
2656,-103.37,34.18,0
2657,-103.37,35.41,0
2658,-103.37,43.97,0
2659,-103.36,37.73,0
2660,-103.36,37.18,0
2661,-103.35,32.16,0
2662,-103.35,51.25,0
2663,-103.31,39.13,0
2664,-103.31,46.39,0
2665,-103.3,43.77,0
2666,-103.27,49.32,0
2667,-103.27,38.81,0
2668,-103.26,42.44,0
2669,-103.25,47.48,0
2670,-103.25,40.16,0
2671,-103.24,23.61,0
2672,-103.21,36.69,0
2673,-103.21,34.67,0
2674,-103.19,37.34,0
2675,-103.19,78.89,0
2676,-103.18,24.21,0
2677,-103.18,45.53,0
2678,-103.18,32.7,0
2679,-103.17,40.5,0
2680,-103.17,29.21,0
2681,-103.16,29.74,0
2682,-103.16,35.87,0
2683,-103.16,64.61,0
2684,-103.16,63.59,0
2685,-103.15,48.03,0
2686,-103.15,40.93,0
2687,-103.14,41.46,0
2688,-103.13,49.17,0
2689,-103.12,38.09,0
2690,-103.11,38.99,0
2691,-103.11,41.68,0
2692,-103.09,41.15,0
2693,-103.09,36.42,0
2694,-103.08,60.77,0
2695,-103.07,27.74,0
2696,-103.06,43.64,0
2697,-103.04,32.12,0
2698,-103.04,36.25,0
2699,-103.04,38.82,0
2700,-103.04,52.96,0
2701,-103.03,37.91,0
2702,-103.02,37.11,0
2703,-103.02,36.6,0
2704,-103.01,42.52,0
2705,-103,67.24,0
2706,-102.99,48.27,0
2707,-102.98,44.12,0
2708,-102.97,37.46,0
2709,-102.95,40.01,0
2710,-102.9,48.45,0
2711,-102.9,34.87,0
2712,-102.89,32.54,0
2713,-102.89,47.44,0
2714,-102.88,36.85,0
2715,-102.88,42.79,0
2716,-102.87,39.3,0
2717,-102.86,42.34,0
2718,-102.85,41.99,0
2719,-102.85,39.74,0
2720,-102.85,43.9,0
2721,-102.84,47.86,0
2722,-102.82,40.83,0
2723,-102.79,46.89,0
2724,-102.79,30.89,0
2725,-102.78,33.96,0
2726,-102.77,32.07,0
2727,-102.76,46.4,0
2728,-102.76,37.56,0
2729,-102.75,20.82,0
2730,-102.75,57.26,0
2731,-102.74,37.02,0
2732,-102.71,41.15,0
2733,-102.71,44.61,0
2734,-102.71,36.73,0
2735,-102.71,38.35,0
2736,-102.7,59.32,0
2737,-102.7,56.24,0
2738,-102.67,48.12,0
2739,-102.67,47.34,0
2740,-102.66,38.69,0
2741,-102.66,50.6,0
2742,-102.65,32.65,0
2743,-102.62,37.37,0
2744,-102.62,62.25,0
2745,-102.61,39.48,0
2746,-102.61,33.35,0
2747,-102.6,42.07,0
2748,-102.59,33.79,0
2749,-102.57,43.7,0
2750,-102.55,49.71,0
2751,-102.54,37.64,0
2752,-102.54,45.57,0
2753,-102.54,40.94,0
2754,-102.51,45.84,0
2755,-102.51,36.89,0
2756,-102.51,65.53,0
2757,-102.51,54.87,0
2758,-102.5,38.54,0
2759,-102.48,43.28,0
2760,-102.47,46.11,0
2761,-102.47,47.98,0
2762,-102.46,42.46,0
2763,-102.46,42.92,0
2764,-102.46,39.76,0
2765,-102.45,48.59,0
2766,-102.44,30.25,0
2767,-102.44,41.76,0
2768,-102.43,46.9,0
2769,-102.42,35.16,0
2770,-102.38,44.07,0
2771,-102.36,66.55,0
2772,-102.35,38.82,0
2773,-102.34,41.59,0
2774,-102.34,42.01,0
2775,-102.34,47.35,0
2776,-102.32,78.62,0
2777,-102.31,31.9,0
2778,-102.31,39.48,0
2779,-102.3,40.51,0
2780,-102.3,43.84,0
2781,-102.29,43.04,0
2782,-102.28,22.36,0
2783,-102.28,60.88,0
2784,-102.26,35.68,0
2785,-102.26,40.92,0
2786,-102.26,50.48,0
2787,-102.25,21.81,0
2788,-102.25,32.71,0
2789,-102.23,31.4,0
2790,-102.19,21.98,0
2791,-102.18,39.63,0
2792,-102.18,39.89,0
2793,-102.17,49.23,0
2794,-102.17,46.7,0
2795,-102.16,43.98,0
2796,-102.16,35.5,0
2797,-102.16,48.34,0
2798,-102.16,45.75,0
2799,-102.15,47.62,0
2800,-102.13,41.32,0
2801,-102.13,58.9,0
2802,-102.13,52.16,0
2803,-102.12,41.09,0
2804,-102.11,47.8,0
2805,-102.11,34.53,0
2806,-102.11,34.92,0
2807,-102.09,39.46,0
2808,-102.09,32.05,0
2809,-102.09,72.72,0
2810,-102.05,49.73,0
2811,-102.04,37.07,0
2812,-102.04,37.49,0
2813,-102.03,33.85,0
2814,-102.02,42.92,0
2815,-102,45.04,0
2816,-101.99,45.48,0
2817,-101.98,33.66,0
2818,-101.96,38.94,0
2819,-101.94,43.75,0
2820,-101.94,33.07,0
2821,-101.93,35.38,0
2822,-101.93,35.14,0
2823,-101.93,39.7,0
2824,-101.91,47.28,0
2825,-101.87,44.53,0
2826,-101.86,41.49,0
2827,-101.85,50.69,0
2828,-101.85,41.24,0
2829,-101.85,50.31,0
2830,-101.84,30.74,0
2831,-101.82,45.97,0
2832,-101.82,37.02,0
2833,-101.8,30.47,0
2834,-101.8,50.92,0
2835,-101.78,39.19,0
2836,-101.78,46.86,0
2837,-101.78,34.46,0
2838,-101.77,53.89,0
2839,-101.77,44,0
2840,-101.76,40.09,0
2841,-101.75,33.27,0
2842,-101.75,37.83,0
2843,-101.75,64.16,0
2844,-101.73,35.54,0
2845,-101.72,50.08,0
2846,-101.7,31.89,0
2847,-101.69,43.17,0
2848,-101.68,31.03,0
2849,-101.68,38.47,0
2850,-101.67,43.83,0
2851,-101.65,34.94,0
2852,-101.65,33.49,0
2853,-101.64,40.6,0
2854,-101.63,37.31,0
2855,-101.63,34.02,0
2856,-101.63,37.13,0
2857,-101.62,41.13,0
2858,-101.61,21.73,0
2859,-101.6,39.81,0
2860,-101.6,37.98,0
2861,-101.59,32.81,0
2862,-101.59,40.85,0
2863,-101.58,48.43,0
2864,-101.54,37.58,0
2865,-101.53,42.46,0
2866,-101.53,30.13,0
2867,-101.53,40.44,0
2868,-101.52,42.07,0
2869,-101.52,31.77,0
2870,-101.52,66.29,0
2871,-101.51,47.47,0
2872,-101.49,32.23,0
2873,-101.49,18.8,0
2874,-101.48,63.2,0
2875,-101.46,34.54,0
2876,-101.43,37.81,0
2877,-101.42,46.51,0
2878,-101.41,33.19,0
2879,-101.41,46.86,0
2880,-101.4,50.95,0
2881,-101.39,37.04,0
2882,-101.38,41.55,0
2883,-101.37,39.34,0
2884,-101.37,35.11,0
2885,-101.36,41.21,0
2886,-101.36,39.81,0
2887,-101.36,33.89,0
2888,-101.36,38.79,0
2889,-101.33,50.4,0
2890,-101.33,37.41,0
2891,-101.32,29.69,0
2892,-101.32,48.28,0
2893,-101.32,47.25,0
2894,-101.31,46.14,0
2895,-101.31,44.73,0
2896,-101.31,44.52,0
2897,-101.28,25.41,0
2898,-101.27,43.77,0
2899,-101.27,44.93,0
2900,-101.25,49.05,0
2901,-101.25,53.83,0
2902,-101.25,50.7,0
2903,-101.24,37.95,0
2904,-101.24,38.48,0
2905,-101.24,47.58,0
2906,-101.24,51.39,0
2907,-101.23,46.73,0
2908,-101.22,38.93,0
2909,-101.21,47.07,0
2910,-101.2,30.71,0
2911,-101.2,27.9,0
2912,-101.18,39.54,0
2913,-101.18,46.46,0
2914,-101.18,57.15,0
2915,-101.15,37.78,0
2916,-101.15,29.97,0
2917,-101.14,78.36,0
2918,-101.13,31.15,0
2919,-101.13,31.43,0
2920,-101.13,49.36,0
2921,-101.13,41.13,0
2922,-101.12,50.12,0
2923,-101.11,33.05,0
2924,-101.11,22.02,0
2925,-101.1,34.44,0
2926,-101.1,37.41,0
2927,-101.1,60.32,0
2928,-101.07,33.49,0
2929,-101.07,43.01,0
2930,-101.06,43.3,0
2931,-101.06,59.24,0
2932,-101.05,39.4,0
2933,-101.03,25.35,0
2934,-101.03,49.16,0
2935,-101.02,48.1,0
2936,-101,36.62,0
2937,-100.99,37.98,0
2938,-100.98,39.13,0
2939,-100.98,47.46,0
2940,-100.97,31.83,0
2941,-100.97,21.22,0
2942,-100.96,37.26,0
2943,-100.96,41.73,0
2944,-100.96,38.92,0
2945,-100.95,65.51,0
2946,-100.95,67.05,0
2947,-100.94,47.23,0
2948,-100.93,29.31,0
2949,-100.92,46.77,0
2950,-100.92,38.68,0
2951,-100.91,38.48,0
2952,-100.91,62.56,0
2953,-100.9,28.44,0
2954,-100.89,40.23,0
2955,-100.89,34.54,0
2956,-100.89,34.94,0
2957,-100.87,37.46,0
2958,-100.87,47.8,0
2959,-100.87,38.15,0
2960,-100.87,35.21,0
2961,-100.86,36.37,0
2962,-100.84,36.04,0
2963,-100.84,49.57,0
2964,-100.83,33.63,0
2965,-100.83,25.37,0
2966,-100.81,45.82,0
2967,-100.8,35.44,0
2968,-100.8,46.01,0
2969,-100.79,21.86,0
2970,-100.79,45.34,0
2971,-100.79,23.27,0
2972,-100.78,47.03,0
2973,-100.78,37.13,0
2974,-100.78,40.02,0
2975,-100.76,37.96,0
2976,-100.76,29.15,0
2977,-100.75,51.63,0
2978,-100.75,48.12,0
2979,-100.75,40.87,0
2980,-100.74,50.93,0
2981,-100.73,31.18,0
2982,-100.72,41.21,0
2983,-100.71,46.64,0
2984,-100.7,38.8,0
2985,-100.69,40.35,0
2986,-100.69,41.48,0
2987,-100.68,39.82,0
2988,-100.68,24.79,0
2989,-100.67,42.57,0
2990,-100.66,43.03,0
2991,-100.66,43.3,0
2992,-100.65,47.47,0
2993,-100.64,46.83,0
2994,-100.64,30.58,0
2995,-100.64,47.29,0
2996,-100.63,39.07,0
2997,-100.63,50.2,0
2998,-100.62,49.04,0
2999,-100.62,34.83,0
3000,-100.61,58.14,0
3001,-100.6,45.71,0
3002,-100.6,38.48,0
3003,-100.57,37.32,0
3004,-100.56,39.98,0
3005,-100.56,32.74,0
3006,-100.55,45.4,0
3007,-100.55,41.93,0
3008,-100.55,48.35,0
3009,-100.55,55.61,0
3010,-100.54,31.53,0
3011,-100.53,37.86,0
3012,-100.52,36.83,0
3013,-100.52,36.62,0
3014,-100.52,50.72,0
3015,-100.51,49.52,0
3016,-100.5,31.14,0
3017,-100.5,33.06,0
3018,-100.5,42.82,0
3019,-100.49,32.43,0
3020,-100.48,44.56,0
3021,-100.48,45.02,0
3022,-100.47,38.64,0
3023,-100.46,35.77,0
3024,-100.46,46.44,0
3025,-100.45,42.21,0
3026,-100.45,25,0
3027,-100.45,72.42,0
3028,-100.44,37.17,0
3029,-100.44,35.36,0
3030,-100.43,47.14,0
3031,-100.42,30.14,0
3032,-100.42,39.65,0
3033,-100.4,45.23,0
3034,-100.4,44.08,0
3035,-100.39,25.74,0
3036,-100.38,29.65,0
3037,-100.37,34.12,0
3038,-100.36,35.94,0
3039,-100.34,43.36,0
3040,-100.34,39.35,0
3041,-100.34,39.89,0
3042,-100.34,44.38,0
3043,-100.34,61.42,0
3044,-100.34,54.3,0
3045,-100.33,37.64,0
3046,-100.31,49.13,0
3047,-100.3,64.12,0
3048,-100.28,45.62,0
3049,-100.28,41.89,0
3050,-100.27,34.38,0
3051,-100.27,37.29,0
3052,-100.26,42.96,0
3053,-100.26,47.37,0
3054,-100.26,25.33,0
3055,-100.25,46.27,0
3056,-100.25,37.81,0
3057,-100.24,39.07,0
3058,-100.23,46.67,0
3059,-100.22,50.77,0
3060,-100.22,25.85,0
3061,-100.2,41.47,0
3062,-100.2,51.27,0
3063,-100.2,32.18,0
3064,-100.18,25.59,0
3065,-100.17,38.86,0
3066,-100.16,40.89,0
3067,-100.15,30.48,0
3068,-100.14,37.04,0
3069,-100.12,39.6,0
3070,-100.12,28.63,0
3071,-100.11,29.86,0
3072,-100.1,49.26,0
3073,-100.1,47.14,0
3074,-100.09,49.67,0
3075,-100.09,42.23,0
3076,-100.07,45.82,0
3077,-100.07,45.31,0
3078,-100.07,29.65,0
3079,-100.06,43.33,0
3080,-100.06,49.05,0
3081,-100.05,43.72,0
3082,-100.04,39.36,0
3083,-100.03,47.96,0
3084,-100.03,52.77,0
3085,-100.03,78.2,0
3086,-100.02,37.81,0
3087,-100.01,50.23,0
3088,-100,37.45,0
3089,-100,29.4,0
3090,-99.99,49.85,0
3091,-99.98,42.77,0
3092,-99.98,42.56,0
3093,-99.98,37.26,0
3094,-99.96,33.99,0
3095,-99.96,44.21,0
3096,-99.95,32.53,0
3097,-99.95,27.96,0
3098,-99.91,29.21,0
3099,-99.91,29.85,0
3100,-99.91,50.68,0
3101,-99.9,39.54,0
3102,-99.89,38.46,0
3103,-99.88,32.23,0
3104,-99.88,39.06,0
3105,-99.88,65.76,0
3106,-99.87,35.89,0
3107,-99.85,46.25,0
3108,-99.85,39.27,0
3109,-99.85,30.52,0
3110,-99.84,73.45,0
3111,-99.83,20.12,0
3112,-99.83,39.83,0
3113,-99.83,31.79,0
3114,-99.83,38.05,0
3115,-99.82,30.93,0
3116,-99.82,43.35,0
3117,-99.82,45.53,0
3118,-99.81,38.77,0
3119,-99.8,37.88,0
3120,-99.8,20.69,0
3121,-99.8,47.19,0
3122,-99.78,21.38,0
3123,-99.77,36.83,0
3124,-99.77,34.67,0
3125,-99.77,41.66,0
3126,-99.76,34.1,0
3127,-99.76,35.55,0
3128,-99.75,37.66,0
3129,-99.75,49.57,0
3130,-99.75,42.83,0
3131,-99.75,29.7,0
3132,-99.75,39.99,0
3133,-99.75,32.37,0
3134,-99.73,19.37,0
3135,-99.73,41.94,0
3136,-99.72,35.75,0
3137,-99.71,32.06,0
3138,-99.7,42.47,0
3139,-99.69,66.9,0
3140,-99.68,32.61,0
3141,-99.68,45.31,0
3142,-99.68,44.08,0
3143,-99.67,37.39,0
3144,-99.67,30.42,0
3145,-99.66,38.64,0
3146,-99.66,50.78,0
3147,-99.66,40.16,0
3148,-99.64,47,0
3149,-99.64,45.78,0
3150,-99.63,44.98,0
3151,-99.63,49.4,0
3152,-99.63,38.4,0
3153,-99.63,34.27,0
3154,-99.62,30.12,0
3155,-99.62,37.19,0
3156,-99.6,40.43,0
3157,-99.59,39.39,0
3158,-99.59,49.84,0
3159,-99.58,31.68,0
3160,-99.57,29.82,0
3161,-99.57,36.62,0
3162,-99.57,39.68,0
3163,-99.56,49.21,0
3164,-99.56,38.01,0
3165,-99.56,38.82,0
3166,-99.54,48.56,0
3167,-99.54,39.93,0
3168,-99.54,56.09,0
3169,-99.53,41.31,0
3170,-99.53,27.5,0
3171,-99.52,29.62,0
3172,-99.5,30.27,0
3173,-99.5,75.31,0
3174,-99.5,63.32,0
3175,-99.49,46.45,0
3176,-99.49,30.89,0
3177,-99.48,37.03,0
3178,-99.47,32.98,0
3179,-99.46,38.2,0
3180,-99.46,32.41,0
3181,-99.45,46.72,0
3182,-99.45,64.33,0
3183,-99.44,48.29,0
3184,-99.44,48.01,0
3185,-99.43,60.46,0
3186,-99.43,58.67,0
3187,-99.41,37.88,0
3188,-99.39,30,0
3189,-99.39,27.9,0
3190,-99.39,62.29,0
3191,-99.38,42.37,0
3192,-99.38,72.49,0
3193,-99.37,32.78,0
3194,-99.37,28.34,0
3195,-99.35,42.6,0
3196,-99.35,42.92,0
3197,-99.34,20.07,0
3198,-99.34,43.79,0
3199,-99.34,29.78,0
3200,-99.34,41.03,0
3201,-99.32,39.35,0
3202,-99.32,37.23,0
3203,-99.31,38.57,0
3204,-99.31,44.83,0
3205,-99.31,38.35,0
3206,-99.3,46.15,0
3207,-99.28,43.33,0
3208,-99.28,38.88,0
3209,-99.27,38.08,0
3210,-99.27,39.66,0
3211,-99.27,37.53,0
3212,-99.26,31.05,0
3213,-99.24,27.63,0
3214,-99.23,30.82,0
3215,-99.22,45.28,0
3216,-99.22,46.58,0
3217,-99.21,29.64,0
3218,-99.21,34.78,0
3219,-99.21,41.85,0
3220,-99.21,30.09,0
3221,-99.2,43.97,0
3222,-99.2,47.92,0
3223,-99.19,43.12,0
3224,-99.16,29.37,0
3225,-99.15,43.56,0
3226,-99.15,44.4,0
3227,-99.15,29.19,0
3228,-99.13,45.72,0
3229,-99.13,39.45,0
3230,-99.11,39.09,0
3231,-99.11,37.27,0
3232,-99.11,47.16,0
3233,-99.1,49.7,0
3234,-99.1,19.4,0
3235,-99.09,45.03,0
3236,-99.08,47.68,0
3237,-99.08,28.94,0
3238,-99.08,53.46,0
3239,-99.04,49.13,0
3240,-99.04,37.66,0
3241,-99.04,73.22,0
3242,-99.03,31.86,0
3243,-99.03,46.31,0
3244,-99.03,39.69,0
3245,-99.03,41.1,0
3246,-99.02,40.7,0
3247,-99.02,29.99,0
3248,-99.02,30.23,0
3249,-99.02,29.74,0
3250,-98.99,44.62,0
3251,-98.98,42.65,0
3252,-98.98,38.27,0
3253,-98.98,24.37,0
3254,-98.97,35.88,0
3255,-98.96,38.81,0
3256,-98.96,32.16,0
3257,-98.96,34.28,0
3258,-98.96,48,0
3259,-98.95,40.5,0
3260,-98.95,38.44,0
3261,-98.95,40.09,0
3262,-98.94,46,0
3263,-98.93,54.75,0
3264,-98.92,29.58,0
3265,-98.91,29.16,0
3266,-98.9,37.48,0
3267,-98.89,46.48,0
3268,-98.89,75.77,0
3269,-98.88,43.03,0
3270,-98.87,41.56,0
3271,-98.87,47.24,0
3272,-98.87,34.02,0
3273,-98.86,19.17,0
3274,-98.86,38.98,0
3275,-98.86,31.74,0
3276,-98.85,19.69,0
3277,-98.83,43.21,0
3278,-98.83,46.97,0
3279,-98.83,57.34,0
3280,-98.83,22.64,0
3281,-98.82,30.5,0
3282,-98.82,29.83,0
3283,-98.81,35.46,0
3284,-98.81,39.47,0
3285,-98.81,41.77,0
3286,-98.81,51.44,0
3287,-98.8,36.89,0
3288,-98.8,37.28,0
3289,-98.79,42.48,0
3290,-98.79,30.11,0
3291,-98.78,39.66,0
3292,-98.77,43.53,0
3293,-98.77,38.69,0
3294,-98.76,38,0
3295,-98.75,27.35,0
3296,-98.74,29.43,0
3297,-98.74,32.42,0
3298,-98.74,29.25,0
3299,-98.74,67.24,0
3300,-98.73,47.56,0
3301,-98.73,41,0
3302,-98.72,44.54,0
3303,-98.72,47.82,0
3304,-98.72,45.44,0
3305,-98.72,31.61,0
3306,-98.71,31.4,0
3307,-98.71,38.5,0
3308,-98.7,40.58,0
3309,-98.7,56.16,0
3310,-98.69,39.15,0
3311,-98.68,37.63,0
3312,-98.67,34.7,0
3313,-98.67,37.43,0
3314,-98.66,64.84,0
3315,-98.64,42.12,0
3316,-98.64,38.96,0
3317,-98.64,49.28,0
3318,-98.64,29.74,0
3319,-98.62,38.34,0
3320,-98.62,46.68,0
3321,-98.61,33.85,0
3322,-98.6,33.1,0
3323,-98.6,43.06,0
3324,-98.59,47.07,0
3325,-98.59,44.08,0
3326,-98.59,46.2,0
3327,-98.58,39.47,0
3328,-98.58,36.36,0
3329,-98.58,30.78,0
3330,-98.58,40.73,0
3331,-98.57,32.88,0
3332,-98.57,43.66,0
3333,-98.57,26.36,0
3334,-98.56,27.11,0
3335,-98.56,34.04,0
3336,-98.55,41.8,0
3337,-98.54,30.15,0
3338,-98.54,29.43,0
3339,-98.53,37.91,0
3340,-98.52,40.06,0
3341,-98.52,45.66,0
3342,-98.52,31.65,0
3343,-98.51,32.51,0
3344,-98.51,37.28,0
3345,-98.51,66.37,0
3346,-98.5,45.15,0
3347,-98.49,29.88,0
3348,-98.49,31.98,0
3349,-98.48,29.03,0
3350,-98.47,40.9,0
3351,-98.46,26.71,0
3352,-98.45,43.51,0
3353,-98.44,31.02,0
3354,-98.43,32.23,0
3355,-98.42,35.93,0
3356,-98.42,38.78,0
3357,-98.41,38.24,0
3358,-98.41,39.02,0
3359,-98.41,29.23,0
3360,-98.4,30.28,0
3361,-98.4,17.47,0
3362,-98.4,29.67,0
3363,-98.4,34.62,0
3364,-98.4,38.59,0
3365,-98.4,60.2,0
3366,-98.39,33.76,0
3367,-98.39,39.29,0
3368,-98.38,35.17,0
3369,-98.38,51.24,0
3370,-98.37,26.18,0
3371,-98.37,40.61,0
3372,-98.36,43.29,0
3373,-98.36,30.75,0
3374,-98.36,72.19,0
3375,-98.35,33.21,0
3376,-98.34,35.41,0
3377,-98.33,32.4,0
3378,-98.33,39.46,0
3379,-98.31,37.17,0
3380,-98.31,42.62,0
3381,-98.3,32.64,0
3382,-98.29,28.64,0
3383,-98.28,49.98,0
3384,-98.28,38.4,0
3385,-98.28,58.94,0
3386,-98.28,62.33,0
3387,-98.27,39.7,0
3388,-98.27,30.57,0
3389,-98.26,46.01,0
3390,-98.26,37.65,0
3391,-98.25,36.06,0
3392,-98.25,31.11,0
3393,-98.24,69.07,0
3394,-98.23,49.18,0
3395,-98.23,31.61,0
3396,-98.23,29.55,0
3397,-98.23,32.11,0
3398,-98.22,40.9,0
3399,-98.21,29.75,0
3400,-98.21,32.85,0
3401,-98.2,33.83,0
3402,-98.19,30.34,0
3403,-98.18,38.72,0
3404,-98.18,36.79,0
3405,-98.17,29.34,0
3406,-98.17,76.19,0
3407,-98.16,28.39,0
3408,-98.16,43.88,0
3409,-98.16,41.98,0
3410,-98.16,42.42,0
3411,-98.15,39.01,0
3412,-98.15,26.55,0
3413,-98.15,29.93,0
3414,-98.14,43.04,0
3415,-98.14,27.75,0
3416,-98.13,39.25,0
3417,-98.13,29.16,0
3418,-98.13,65.64,0
3419,-98.12,32.56,0
3420,-98.12,47.47,0
3421,-98.11,28.97,0
3422,-98.11,32.25,0
3423,-98.09,28.69,0
3424,-98.09,34.28,0
3425,-98.09,30.67,0
3426,-98.09,30.85,0
3427,-98.09,39.8,0
3428,-98.08,39.47,0
3429,-98.08,47.04,0
3430,-98.07,37.45,0
3431,-98.06,37.96,0
3432,-98.06,38.23,0
3433,-98.04,35.97,0
3434,-98.04,26.29,0
3435,-98.03,46.51,0
3436,-98.02,43.71,0
3437,-98.02,30.07,0
3438,-98.02,57.38,0
3439,-98.01,37.76,0
3440,-98,46.11,0
3441,-98,30.42,0
3442,-98,41.05,0
3443,-98,36.55,0
3444,-97.99,45.87,0
3445,-97.99,37.24,0
3446,-97.99,29.41,0
3447,-97.99,38.6,0
3448,-97.97,35.01,0
3449,-97.97,41.36,0
3450,-97.96,32.7,0
3451,-97.96,40.55,0
3452,-97.96,26.13,0
3453,-97.96,31.4,0
3454,-97.95,50.36,0
3455,-97.94,38.83,0
3456,-97.94,30.25,0
3457,-97.94,29.23,0
3458,-97.94,47.22,0
3459,-97.94,63.55,0
3460,-97.94,52.24,0
3461,-97.93,31.11,0
3462,-97.92,33.19,0
3463,-97.92,29.77,0
3464,-97.92,33.51,0
3465,-97.91,42.74,0
3466,-97.91,39.68,0
3467,-97.91,39.98,0
3468,-97.88,40.74,0
3469,-97.88,61.27,0
3470,-97.87,30.63,0
3471,-97.87,53.7,0
3472,-97.86,32.12,0
3473,-97.85,37.46,0
3474,-97.84,38.14,0
3475,-97.84,27.96,0
3476,-97.83,29.57,0
3477,-97.82,30.1,0
3478,-97.82,30.87,0
3479,-97.82,39.08,0
3480,-97.81,28.36,0
3481,-97.8,35.23,0
3482,-97.8,37.15,0
3483,-97.8,32.3,0
3484,-97.8,32.59,0
3485,-97.79,30.46,0
3486,-97.78,43.62,0
3487,-97.77,33.38,0
3488,-97.76,32.87,0
3489,-97.75,37.76,0
3490,-97.74,39.28,0
3491,-97.73,39.57,0
3492,-97.73,33.85,0
3493,-97.72,44.07,0
3494,-97.71,33.65,0
3495,-97.71,38.58,0
3496,-97.7,27.29,0
3497,-97.69,29.43,0
3498,-97.68,46.43,0
3499,-97.68,43.24,0
3500,-97.68,28.14,0
3501,-97.68,29.87,0
3502,-97.67,31.31,0
3503,-97.67,41.21,0
3504,-97.67,38.77,0
3505,-97.66,32.43,0
3506,-97.66,33.12,0
3507,-97.65,37,0
3508,-97.65,26.1,0
3509,-97.65,30.23,0
3510,-97.64,67.13,0
3511,-97.63,47.99,0
3512,-97.63,45.85,0
3513,-97.63,46.06,0
3514,-97.63,38.37,0
3515,-97.62,19.38,0
3516,-97.62,32.72,0
3517,-97.62,34.52,0
3518,-97.61,44.49,0
3519,-97.61,39.75,0
3520,-97.61,27.92,0
3521,-97.61,31.79,0
3522,-97.61,35.45,0
3523,-97.59,35.89,0
3524,-97.58,38.08,0
3525,-97.58,46.92,0
3526,-97.58,29.59,0
3527,-97.58,51.63,0
3528,-97.57,30.74,0
3529,-97.57,26.27,0
3530,-97.57,39.15,0
3531,-97.56,32.27,0
3532,-97.56,50.87,0
3533,-97.56,30.5,0
3534,-97.55,45.13,0
3535,-97.55,37.64,0
3536,-97.54,43.54,0
3537,-97.52,21.46,0
3538,-97.52,37.85,0
3539,-97.51,50.3,0
3540,-97.51,37.24,0
3541,-97.5,35.69,0
3542,-97.49,38.55,0
3543,-97.49,42.88,0
3544,-97.49,30.92,0
3545,-97.48,41.53,0
3546,-97.48,50.5,0
3547,-97.48,35.27,0
3548,-97.48,39.98,0
3549,-97.48,32.57,0
3550,-97.48,32.93,0
3551,-97.48,64.99,0
3552,-97.48,68.92,0
3553,-97.47,31.12,0
3554,-97.47,33.71,0
3555,-97.47,31.33,0
3556,-97.46,40.37,0
3557,-97.45,30.14,0
3558,-97.45,51.07,0
3559,-97.45,50.07,0
3560,-97.45,27.57,0
3561,-97.45,26.54,0
3562,-97.45,51.3,0
3563,-97.45,59.02,0
3564,-97.44,35.01,0
3565,-97.44,49.85,0
3566,-97.44,33.47,0
3567,-97.43,43.35,0
3568,-97.43,34.74,0
3569,-97.42,39.45,0
3570,-97.42,46.54,0
3571,-97.42,29.89,0
3572,-97.41,42,0
3573,-97.4,37.01,0
3574,-97.4,26.12,0
3575,-97.39,28.65,0
3576,-97.39,29,0
3577,-97.38,30.66,0
3578,-97.37,38.38,0
3579,-97.37,35.89,0
3580,-97.37,46.35,0
3581,-97.37,38.92,0
3582,-97.37,72.11,0
3583,-97.36,33.13,0
3584,-97.35,38.16,0
3585,-97.35,31.88,0
3586,-97.34,38.72,0
3587,-97.34,28.08,0
3588,-97.33,27.86,0
3589,-97.33,30.41,0
3590,-97.32,32.79,0
3591,-97.32,39.09,0
3592,-97.31,45.97,0
3593,-97.3,30.84,0
3594,-97.29,35.43,0
3595,-97.29,37.57,0
3596,-97.29,55.21,0
3597,-97.28,43.1,0
3598,-97.28,45.01,0
3599,-97.28,30.02,0
3600,-97.28,32.06,0
3601,-97.27,37.74,0
3602,-97.26,42.6,0
3603,-97.26,39.33,0
3604,-97.25,45.42,0
3605,-97.25,31.15,0
3606,-97.24,48.93,0
3607,-97.23,31.33,0
3608,-97.23,39.84,0
3609,-97.22,45.74,0
3610,-97.22,27.63,0
3611,-97.22,30.24,0
3612,-97.21,36.3,0
3613,-97.21,44.76,0
3614,-97.21,37.91,0
3615,-97.21,44.58,0
3616,-97.21,37.18,0
3617,-97.2,35.23,0
3618,-97.2,36.1,0
3619,-97.2,39.54,0
3620,-97.19,32.63,0
3621,-97.19,41.53,0
3622,-97.18,33.01,0
3623,-97.18,43.72,0
3624,-97.17,40.52,0
3625,-97.17,26.08,0
3626,-97.17,40.05,0
3627,-97.16,28.73,0
3628,-97.16,43.98,0
3629,-97.16,35.6,0
3630,-97.14,31.65,0
3631,-97.14,46.5,0
3632,-97.14,40.86,0
3633,-97.14,60.88,0
3634,-97.13,50.17,0
3635,-97.12,49.79,0
3636,-97.12,32.29,0
3637,-97.12,37.46,0
3638,-97.11,38.17,0
3639,-97.11,38.58,0
3640,-97.1,41.21,0
3641,-97.1,34.13,0
3642,-97.1,56.39,0
3643,-97.09,30.7,0
3644,-97.08,27.84,0
3645,-97.08,39.03,0
3646,-97.07,33.19,0
3647,-97.05,49.53,0
3648,-97.05,33.71,0
3649,-97.05,28.03,0
3650,-97.03,35.93,0
3651,-97.03,37.01,0
3652,-97.03,30.38,0
3653,-97.03,63.24,0
3654,-97.01,29.9,0
3655,-97.01,48.85,0
3656,-97.01,50.71,0
3657,-97,50.53,0
3658,-97,34.46,0
3659,-97,47.29,0
3660,-97,39.38,0
3661,-96.99,50.91,0
3662,-96.99,43.26,0
3663,-96.99,32.77,0
3664,-96.98,42.69,0
3665,-96.98,37.7,0
3666,-96.98,33.94,0
3667,-96.98,39.82,0
3668,-96.98,39.57,0
3669,-96.98,38.32,0
3670,-96.97,29.3,0
3671,-96.97,32.6,0
3672,-96.97,43.55,0
3673,-96.96,42.87,0
3674,-96.96,44.35,0
3675,-96.96,46.12,0
3676,-96.94,36.16,0
3677,-96.93,31.59,0
3678,-96.93,30.18,0
3679,-96.93,30.93,0
3680,-96.92,34.25,0
3681,-96.92,35.39,0
3682,-96.92,33.46,0
3683,-96.92,45.12,0
3684,-96.91,29.74,0
3685,-96.91,33.02,0
3686,-96.91,37.24,0
3687,-96.91,41.95,0
3688,-96.91,65.56,0
3689,-96.89,49.38,0
3690,-96.88,48.45,0
3691,-96.88,32.17,0
3692,-96.87,39.17,0
3693,-96.87,50,0
3694,-96.87,67.54,0
3695,-96.86,37.85,0
3696,-96.86,33.2,0
3697,-96.85,40.28,0
3698,-96.85,40.69,0
3699,-96.84,32.41,0
3700,-96.83,40.89,0
3701,-96.82,28.51,0
3702,-96.82,44.95,0
3703,-96.81,50.4,0
3704,-96.81,38.43,0
3705,-96.81,47.72,0
3706,-96.81,28.3,0
3707,-96.79,38.04,0
3708,-96.78,37.51,0
3709,-96.78,18.01,0
3710,-96.77,46.86,0
3711,-96.77,43.98,0
3712,-96.76,49.09,0
3713,-96.75,32.58,0
3714,-96.75,33.91,0
3715,-96.75,39.63,0
3716,-96.75,45.51,0
3717,-96.74,30.77,0
3718,-96.73,29.95,0
3719,-96.72,32.85,0
3720,-96.71,37.32,0
3721,-96.71,39.03,0
3722,-96.71,40.48,0
3723,-96.7,41.75,0
3724,-96.7,30.19,0
3725,-96.69,44.16,0
3726,-96.69,33.46,0
3727,-96.68,37.12,0
3728,-96.67,44.8,0
3729,-96.67,33.06,0
3730,-96.67,30.48,0
3731,-96.67,34.19,0
3732,-96.67,34.41,0
3733,-96.66,34.77,0
3734,-96.66,43.58,0
3735,-96.66,39.92,0
3736,-96.65,33.26,0
3737,-96.65,38.68,0
3738,-96.65,39.47,0
3739,-96.65,31.22,0
3740,-96.65,57.49,0
3741,-96.64,47.14,0
3742,-96.64,45.35,0
3743,-96.63,42.79,0
3744,-96.63,40.81,0
3745,-96.62,36.69,0
3746,-96.62,38.16,0
3747,-96.62,41.24,0
3748,-96.6,41.02,0
3749,-96.6,45.77,0
3750,-96.59,37.82,0
3751,-96.59,38.88,0
3752,-96.58,38.45,0
3753,-96.57,40.64,0
3754,-96.57,32.47,0
3755,-96.57,48.36,0
3756,-96.56,35.14,0
3757,-96.56,47.99,0
3758,-96.55,28.96,0
3759,-96.55,34.93,0
3760,-96.55,31.61,0
3761,-96.55,50.63,0
3762,-96.54,30.63,0
3763,-96.54,28.48,0
3764,-96.53,39.23,0
3765,-96.53,44.51,0
3766,-96.53,29.98,0
3767,-96.53,33.82,0
3768,-96.52,30.85,0
3769,-96.5,29.71,0
3770,-96.5,37.56,0
3771,-96.5,37.24,0
3772,-96.49,48.76,0
3773,-96.49,32.82,0
3774,-96.48,46.19,0
3775,-96.48,43.06,0
3776,-96.47,46.84,0
3777,-96.47,42.23,0
3778,-96.46,39.06,0
3779,-96.45,37.06,0
3780,-96.45,45.55,0
3781,-96.44,44.68,0
3782,-96.43,48.98,0
3783,-96.42,45.07,0
3784,-96.42,46.52,0
3785,-96.42,39.65,0
3786,-96.42,53.12,0
3787,-96.41,39.47,0
3788,-96.41,47.65,0
3789,-96.41,47.25,0
3790,-96.41,28.73,0
3791,-96.41,40.37,0
3792,-96.4,50.35,0
3793,-96.39,47.05,0
3794,-96.39,34.02,0
3795,-96.39,32.6,0
3796,-96.39,58.6,0
3797,-96.38,48.13,0
3798,-96.37,30.31,0
3799,-96.37,42.5,0
3800,-96.36,43.9,0
3801,-96.36,33.64,0
3802,-96.36,36.75,0
3803,-96.35,33.13,0
3804,-96.35,41.22,0
3805,-96.34,55.51,0
3806,-96.33,49.21,0
3807,-96.32,38.49,0
3808,-96.31,37.78,0
3809,-96.31,44.23,0
3810,-96.3,46.37,0
3811,-96.3,47.46,0
3812,-96.3,31,0
3813,-96.3,48.53,0
3814,-96.3,66.36,0
3815,-96.29,40.22,0
3816,-96.29,38.88,0
3817,-96.29,40.67,0
3818,-96.29,44.87,0
3819,-96.29,30.64,0
3820,-96.28,41.05,0
3821,-96.28,29.45,0
3822,-96.28,45.23,0
3823,-96.27,45.97,0
3824,-96.27,54.41,0
3825,-96.27,60.04,0
3826,-96.26,37.59,0
3827,-96.26,36.14,0
3828,-96.26,30.13,0
3829,-96.24,37.13,0
3830,-96.24,28.87,0
3831,-96.24,33.3,0
3832,-96.24,37.36,0
3833,-96.22,46.87,0
3834,-96.22,36.38,0
3835,-96.21,46.69,0
3836,-96.21,48.71,0
3837,-96.21,42.75,0
3838,-96.2,43.69,0
3839,-96.19,38.33,0
3840,-96.19,29.77,0
3841,-96.18,31.73,0
3842,-96.17,47.74,0
3843,-96.17,39.14,0
3844,-96.16,32.73,0
3845,-96.16,43.08,0
3846,-96.16,64.56,0
3847,-96.15,44.1,0
3848,-96.14,40.86,0
3849,-96.14,41.53,0
3850,-96.13,39.31,0
3851,-96.13,50.2,0
3852,-96.13,30.44,0
3853,-96.12,31.9,0
3854,-96.12,44.68,0
3855,-96.11,31.53,0
3856,-96.11,62.9,0
3857,-96.1,38.68,0
3858,-96.1,32.25,0
3859,-96.08,33.41,0
3860,-96.08,39.48,0
3861,-96.08,38.15,0
3862,-96.08,33.63,0
3863,-96.08,46.28,0
3864,-96.07,39.85,0
3865,-96.06,34,0
3866,-96.06,41.18,0
3867,-96.05,37.65,0
3868,-96.04,48.11,0
3869,-96.04,37.83,0
3870,-96.03,39,0
3871,-96.03,43.94,0
3872,-96.02,48.53,0
3873,-96.02,30.2,0
3874,-96.02,30.73,0
3875,-96.01,36.49,0
3876,-96,45.75,0
3877,-96,45.97,0
3878,-96,61.58,0
3879,-95.99,32.84,0
3880,-95.99,31.2,0
3881,-95.98,28.6,0
3882,-95.97,45.56,0
3883,-95.97,41.39,0
3884,-95.96,35.91,0
3885,-95.96,38.52,0
3886,-95.95,41.74,0
3887,-95.95,29.72,0
3888,-95.94,39.62,0
3889,-95.94,45.36,0
3890,-95.94,28.81,0
3891,-95.94,45.06,0
3892,-95.92,44.34,0
3893,-95.92,29.93,0
3894,-95.92,42.91,0
3895,-95.92,17.07,0
3896,-95.92,51.63,0
3897,-95.91,29.2,0
3898,-95.91,47.39,0
3899,-95.91,37.06,0
3900,-95.9,31.91,0
3901,-95.9,40.59,0
3902,-95.89,46.82,0
3903,-95.88,41.56,0
3904,-95.88,47.16,0
3905,-95.88,32.21,0
3906,-95.87,38.75,0
3907,-95.86,37.31,0
3908,-95.85,65.56,0
3909,-95.84,43.51,0
3910,-95.84,32.71,0
3911,-95.83,41.24,0
3912,-95.82,35.75,0
3913,-95.81,39.21,0
3914,-95.81,38.14,0
3915,-95.81,39.46,0
3916,-95.8,37.84,0
3917,-95.8,36.22,0
3918,-95.8,30.3,0
3919,-95.8,29.52,0
3920,-95.79,34.99,0
3921,-95.77,39.76,0
3922,-95.76,38.96,0
3923,-95.76,46.27,0
3924,-95.76,30.51,0
3925,-95.75,38.41,0
3926,-95.75,45.81,0
3927,-95.74,30.7,0
3928,-95.73,44.94,0
3929,-95.73,29.74,0
3930,-95.73,37.66,0
3931,-95.72,40.07,0
3932,-95.71,43.93,0
3933,-95.71,37.18,0
3934,-95.7,44.26,0
3935,-95.69,38.59,0
3936,-95.69,31.79,0
3937,-95.69,40.67,0
3938,-95.68,33.81,0
3939,-95.68,38,0
3940,-95.67,33.29,0
3941,-95.66,40.39,0
3942,-95.65,46.96,0
3943,-95.65,30.11,0
3944,-95.64,29.15,0
3945,-95.63,45.97,0
3946,-95.63,39.91,0
3947,-95.62,29.39,0
3948,-95.62,32.29,0
3949,-95.61,44.7,0
3950,-95.61,35.4,0
3951,-95.61,47.68,0
3952,-95.6,29.9,0
3953,-95.59,31.6,0
3954,-95.59,47.14,0
3955,-95.58,43.62,0
3956,-95.58,28.96,0
3957,-95.57,46.14,0
3958,-95.57,38.2,0
3959,-95.57,37.43,0
3960,-95.56,30.52,0
3961,-95.55,38.78,0
3962,-95.55,36.49,0
3963,-95.55,45.11,0
3964,-95.54,29.63,0
3965,-95.53,38.43,0
3966,-95.53,45.58,0
3967,-95.52,39.6,0
3968,-95.52,49.9,0
3969,-95.51,39.3,0
3970,-95.51,30.33,0
3971,-95.5,39.11,0
3972,-95.48,45.38,0
3973,-95.48,30.74,0
3974,-95.46,37.03,0
3975,-95.46,31.32,0
3976,-95.45,37.84,0
3977,-95.44,44.3,0
3978,-95.43,37.27,0
3979,-95.43,30,0
3980,-95.43,56.58,0
3981,-95.43,76.72,0
3982,-95.42,32.13,0
3983,-95.42,37.6,0
3984,-95.4,38.03,0
3985,-95.39,32.32,0
3986,-95.39,70.93,0
3987,-95.39,57.34,0
3988,-95.37,29.76,0
3989,-95.37,29.5,0
3990,-95.36,40.02,0
3991,-95.35,38.53,0
3992,-95.35,38.9,0
3993,-95.35,29.17,0
3994,-95.33,34.61,0
3995,-95.33,46,0
3996,-95.32,38.25,0
3997,-95.32,32.56,0
3998,-95.31,28.93,0
3999,-95.31,39.73,0
4000,-95.3,43.52,0
4001,-95.29,39.56,0
4002,-95.28,47.96,0
4003,-95.28,45.72,0
4004,-95.28,30.38,0
4005,-95.28,31.02,0
4006,-95.28,45.09,0
4007,-95.27,46.92,0
4008,-95.26,39.35,0
4009,-95.26,47.35,0
4010,-95.25,31.96,0
4011,-95.23,36.23,0
4012,-95.22,43.94,0
4013,-95.22,37.69,0
4014,-95.22,39.05,0
4015,-95.22,47.15,0
4016,-95.21,37.49,0
4017,-95.21,49.75,0
4018,-95.21,45.45,0
4019,-95.2,44.63,0
4020,-95.2,29.96,0
4021,-95.19,33.06,0
4022,-95.18,29.26,0
4023,-95.17,38.02,0
4024,-95.17,37.31,0
4025,-95.17,38.68,0
4026,-95.17,30.14,0
4027,-95.17,33.24,0
4028,-95.16,48.62,0
4029,-95.16,43.37,0
4030,-95.16,58.56,0
4031,-95.16,70.25,0
4032,-95.15,35.66,0
4033,-95.14,53.02,0
4034,-95.12,64.23,0
4035,-95.11,46.77,0
4036,-95.11,29.09,0
4037,-95.1,43.78,0
4038,-95.09,45.84,0
4039,-95.09,37.04,0
4040,-95.08,38.4,0
4041,-95.08,29.76,0
4042,-95.07,39.2,0
4043,-95.07,44.78,0
4044,-95.07,30.34,0
4045,-95.06,37.83,0
4046,-95.05,29.39,0
4047,-95.05,39.86,0
4048,-95.05,32.32,0
4049,-95.05,49.34,0
4050,-95.04,45.25,0
4051,-95.03,38.92,0
4052,-95.01,44.09,0
4053,-95,29.59,0
4054,-94.98,46.96,0
4055,-94.97,50.27,0
4056,-94.97,33.1,0
4057,-94.97,48.92,0
4058,-94.97,61.07,0
4059,-94.96,33.66,0
4060,-94.94,37.18,0
4061,-94.94,39.35,0
4062,-94.93,30.6,0
4063,-94.92,36.02,0
4064,-94.92,29.22,0
4065,-94.91,38.69,0
4066,-94.9,43.52,0
4067,-94.9,45.41,0
4068,-94.9,56.01,0
4069,-94.89,47.45,0
4070,-94.87,38.14,0
4071,-94.87,37.96,0
4072,-94.87,49.77,0
4073,-94.86,37.75,0
4074,-94.86,39.06,0
4075,-94.86,37.01,0
4076,-94.86,65.34,0
4077,-94.86,72.99,0
4078,-94.86,63.24,0
4079,-94.85,37.56,0
4080,-94.85,43.96,0
4081,-94.85,36.58,0
4082,-94.85,31.29,0
4083,-94.85,31.1,0
4084,-94.84,46.07,0
4085,-94.84,40.22,0
4086,-94.84,29.8,0
4087,-94.84,45.83,0
4088,-94.83,37.35,0
4089,-94.82,75.04,0
4090,-94.78,32.2,0
4091,-94.78,54.52,0
4092,-94.78,62.1,0
4093,-94.77,45.14,0
4094,-94.77,30.26,0
4095,-94.76,34.17,0
4096,-94.76,43.75,0
4097,-94.73,29.37,0
4098,-94.72,44.45,0
4099,-94.72,38.58,0
4100,-94.7,31.42,0
4101,-94.7,66.55,0
4102,-94.69,49.54,0
4103,-94.69,32.51,0
4104,-94.68,38.26,0
4105,-94.68,39.2,0
4106,-94.67,43.13,0
4107,-94.66,37.19,0
4108,-94.65,37.63,0
4109,-94.65,31.63,0
4110,-94.65,30.92,0
4111,-94.65,41.82,0
4112,-94.64,36.98,0
4113,-94.64,44.74,0
4114,-94.64,37.98,0
4115,-94.64,38.83,0
4116,-94.63,37.44,0
4117,-94.63,41.24,0
4118,-94.62,48.54,0
4119,-94.6,45.41,0
4120,-94.58,30.33,0
4121,-94.58,45.63,0
4122,-94.57,39.04,0
4123,-94.57,36.19,0
4124,-94.57,48.72,0
4125,-94.57,32.28,0
4126,-94.57,49.82,0
4127,-94.55,33.32,0
4128,-94.55,46.32,0
4129,-94.54,46.81,0
4130,-94.52,47,0
4131,-94.51,32.78,0
4132,-94.5,44.03,0
4133,-94.49,47.43,0
4134,-94.49,31.82,0
4135,-94.49,29.67,0
4136,-94.48,43.83,0
4137,-94.47,45.12,0
4138,-94.47,34.67,0
4139,-94.46,49.14,0
4140,-94.45,37.33,0
4141,-94.44,44.33,0
4142,-94.44,47.2,0
4143,-94.43,42.57,0
4144,-94.41,34.18,0
4145,-94.41,33.7,0
4146,-94.4,50.24,0
4147,-94.4,30.59,0
4148,-94.4,35.92,0
4149,-94.39,39.16,0
4150,-94.39,49.65,0
4151,-94.39,45.95,0
4152,-94.39,33.5,0
4153,-94.36,35.17,0
4154,-94.36,44.89,0
4155,-94.36,67.7,0
4156,-94.34,38.27,0
4157,-94.34,36.92,0
4158,-94.34,36.52,0
4159,-94.33,37.74,0
4160,-94.32,44.54,0
4161,-94.32,35.7,0
4162,-94.32,57.49,0
4163,-94.31,38.8,0
4164,-94.3,46.11,0
4165,-94.3,36.35,0
4166,-94.29,76.57,0
4167,-94.28,46.31,0
4168,-94.28,46.51,0
4169,-94.26,33.24,0
4170,-94.25,31.38,0
4171,-94.25,36.13,0
4172,-94.24,47.33,0
4173,-94.23,46.97,0
4174,-94.23,45.72,0
4175,-94.22,43.1,0
4176,-94.21,70.97,0
4177,-94.2,44.19,0
4178,-94.19,48.65,0
4179,-94.17,73.22,0
4180,-94.16,32.67,0
4181,-94.15,45.5,0
4182,-94.15,40.52,0
4183,-94.14,45.27,0
4184,-94.13,30.98,0
4185,-94.13,37.42,0
4186,-94.12,35.87,0
4187,-94.11,43.77,0
4188,-94.1,33.49,0
4189,-94.08,45.08,0
4190,-94.07,41.44,0
4191,-94.06,39.62,0
4192,-94.06,39.93,0
4193,-94.06,33.76,0
4194,-94.06,41.75,0
4195,-94.06,51.74,0
4196,-94.06,73.6,0
4197,-94.05,46.61,0
4198,-94.05,41.21,0
4199,-94.04,63.15,0
4200,-94.03,33.19,0
4201,-94.02,37.05,0
4202,-94.02,30.81,0
4203,-94.02,66.1,0
4204,-94.01,36.39,0
4205,-94,36.16,0
4206,-94,35.36,0
4207,-94,31.68,0
4208,-93.99,37.91,0
4209,-93.98,49.07,0
4210,-93.98,70.13,0
4211,-93.96,39.13,0
4212,-93.95,44.88,0
4213,-93.95,46.93,0
4214,-93.94,43.93,0
4215,-93.94,32.71,0
4216,-93.94,42.04,0
4217,-93.93,46.13,0
4218,-93.92,30.96,0
4219,-93.92,44.35,0
4220,-93.92,31.36,0
4221,-93.91,44.16,0
4222,-93.89,44.54,0
4223,-93.88,45.33,0
4224,-93.87,53.23,0
4225,-93.86,41.61,0
4226,-93.85,45.53,0
4227,-93.83,40.26,0
4228,-93.83,80.26,0
4229,-93.82,45.12,0
4230,-93.79,31.12,0
4231,-93.79,41.18,0
4232,-93.78,30.82,0
4233,-93.77,47.32,0
4234,-93.76,38.76,0
4235,-93.75,36.55,0
4236,-93.75,32.4,0
4237,-93.73,32.61,0
4238,-93.72,37.09,0
4239,-93.72,50.51,0
4240,-93.72,31.28,0
4241,-93.71,33.82,0
4242,-93.7,36.26,0
4243,-93.68,43.72,0
4244,-93.67,46.06,0
4245,-93.67,43.51,0
4246,-93.65,44.69,0
4247,-93.65,46.4,0
4248,-93.63,35.17,0
4249,-93.63,45.31,0
4250,-93.62,41.84,0
4251,-93.62,42.06,0
4252,-93.62,44.86,0
4253,-93.6,36.69,0
4254,-93.6,54.49,0
4255,-93.58,41.54,0
4256,-93.57,47.7,0
4257,-93.57,34.6,0
4258,-93.56,44.09,0
4259,-93.56,64.8,0
4260,-93.55,44.28,0
4261,-93.53,45.04,0
4262,-93.52,47.23,0
4263,-93.52,46.69,0
4264,-93.51,38.53,0
4265,-93.5,32.89,0
4266,-93.5,32.4,0
4267,-93.48,42.63,0
4268,-93.47,38.73,0
4269,-93.46,35.47,0
4270,-93.45,55.67,0
4271,-93.44,35.89,0
4272,-93.43,44.6,0
4273,-93.43,43.01,0
4274,-93.42,43.52,0
4275,-93.41,45.58,0
4276,-93.41,37.56,0
4277,-93.39,34.89,0
4278,-93.38,44.82,0
4279,-93.38,42.45,0
4280,-93.36,41.99,0
4281,-93.35,45.39,0
4282,-93.35,41.78,0
4283,-93.33,37.17,0
4284,-93.33,73.44,0
4285,-93.33,57.57,0
4286,-93.3,45.14,0
4287,-93.3,67.35,0
4288,-93.28,38.27,0
4289,-93.28,34.49,0
4290,-93.28,30.63,0
4291,-93.28,45.93,0
4292,-93.27,38.55,0
4293,-93.27,46.55,0
4294,-93.25,30.19,0
4295,-93.25,65.82,0
4296,-93.24,33.31,0
4297,-93.23,47.19,0
4298,-93.22,31.23,0
4299,-93.21,40.31,0
4300,-93.2,46.81,0
4301,-93.2,39.1,0
4302,-93.2,44.43,0
4303,-93.19,30.01,0
4304,-93.18,43.67,0
4305,-93.18,34.07,0
4306,-93.17,35.23,0
4307,-93.17,48.58,0
4308,-93.16,16.63,0
4309,-93.16,37,0
4310,-93.14,70.21,0
4311,-93.13,36.25,0
4312,-93.12,44.92,0
4313,-93.12,31.75,0
4314,-93.12,44.06,0
4315,-93.12,41.65,0
4316,-93.11,31.56,0
4317,-93.1,45.36,0
4318,-93.09,33.51,0
4319,-93.09,30.57,0
4320,-93.09,44.69,0
4321,-93.09,45.67,0
4322,-93.08,43.2,0
4323,-93.05,30.94,0
4324,-93.04,34.56,0
4325,-93.02,45.18,0
4326,-93.01,44.26,0
4327,-93,46.12,0
4328,-92.99,37.2,0
4329,-92.95,64.8,0
4330,-92.94,34.05,0
4331,-92.94,35.13,0
4332,-92.94,44.51,0
4333,-92.94,43.68,0
4334,-92.91,31.76,0
4335,-92.91,66.55,0
4336,-92.9,41.46,0
4337,-92.88,36.63,0
4338,-92.87,45.52,0
4339,-92.85,48.42,0
4340,-92.85,43.87,0
4341,-92.84,34.64,0
4342,-92.84,68.72,0
4343,-92.83,46.32,0
4344,-92.83,32.02,0
4345,-92.82,44.71,0
4346,-92.82,44.94,0
4347,-92.81,34.88,0
4348,-92.81,45.28,0
4349,-92.8,33.02,0
4350,-92.79,41.71,0
4351,-92.76,37.97,0
4352,-92.76,35.97,0
4353,-92.74,45.74,0
4354,-92.73,47.09,0
4355,-92.72,69.37,0
4356,-92.71,40.31,0
4357,-92.7,39.16,0
4358,-92.7,40.49,0
4359,-92.7,80.11,0
4360,-92.69,37.78,0
4361,-92.68,52.92,0
4362,-92.67,36.16,0
4363,-92.67,32.52,0
4364,-92.66,44.58,0
4365,-92.65,44.08,0
4366,-92.65,45.07,0
4367,-92.65,67.54,0
4368,-92.64,45.42,0
4369,-92.64,47.78,0
4370,-92.63,44.82,0
4371,-92.62,41.15,0
4372,-92.62,35.19,0
4373,-92.61,46.88,0
4374,-92.61,80.72,0
4375,-92.61,63.2,0
4376,-92.61,54.41,0
4377,-92.6,45.95,0
4378,-92.6,34.92,0
4379,-92.59,38.63,0
4380,-92.59,36.35,0
4381,-92.56,38.12,0
4382,-92.54,33.54,0
4383,-92.52,38.95,0
4384,-92.52,43.53,0
4385,-92.51,39.62,0
4386,-92.5,43.8,0
4387,-92.5,48.5,0
4388,-92.5,46.43,0
4389,-92.48,39.42,0
4390,-92.48,44.26,0
4391,-92.47,42.51,0
4392,-92.46,45.64,0
4393,-92.45,42.7,0
4394,-92.45,46.67,0
4395,-92.42,35.14,0
4396,-92.41,43.99,0
4397,-92.4,45.18,0
4398,-92.37,36.08,0
4399,-92.35,38.84,0
4400,-92.34,44.54,0
4401,-92.32,34.97,0
4402,-92.31,39.1,0
4403,-92.31,73.45,0
4404,-92.29,36.59,0
4405,-92.28,47.54,0
4406,-92.26,34.71,0
4407,-92.26,45.38,0
4408,-92.23,38.59,0
4409,-92.23,66.06,0
4410,-92.22,37.12,0
4411,-92.22,35.55,0
4412,-92.22,32.3,0
4413,-92.21,47.82,0
4414,-92.19,48.15,0
4415,-92.18,36.42,0
4416,-92.15,37.63,0
4417,-92.15,68.49,0
4418,-92.14,39.21,0
4419,-92.14,35.94,0
4420,-92.13,47.39,0
4421,-92.12,39.39,0
4422,-92.12,51.4,0
4423,-92.12,79.73,0
4424,-92.11,46.01,0
4425,-92.11,46.8,0
4426,-92.09,36.23,0
4427,-92.09,42.87,0
4428,-92.08,41.52,0
4429,-92.07,43.33,0
4430,-92.07,17.77,0
4431,-92.06,47.09,0
4432,-92.05,43.59,0
4433,-92.05,32.6,0
4434,-92.05,44.06,0
4435,-92.04,43.11,0
4436,-92.04,44.33,0
4437,-92.04,55.7,0
4438,-92.03,44.56,0
4439,-92.02,34.23,0
4440,-92.02,30.1,0
4441,-92.01,40.14,0
4442,-92.01,32.37,0
4443,-92.01,43.76,0
4444,-91.99,35.51,0
4445,-91.99,38.95,0
4446,-91.98,37.93,0
4447,-91.98,33.58,0
4448,-91.96,65.37,0
4449,-91.94,46.15,0
4450,-91.93,42.3,0
4451,-91.93,35.07,0
4452,-91.92,76.07,0
4453,-91.91,44.91,0
4454,-91.89,46.61,0
4455,-91.87,47.28,0
4456,-91.86,47.91,0
4457,-91.85,64.73,0
4458,-91.83,36.59,0
4459,-91.81,38.05,0
4460,-91.8,39.48,0
4461,-91.77,80.56,0
4462,-91.76,31.81,0
4463,-91.76,42.08,0
4464,-91.75,47.68,0
4465,-91.74,43.82,0
4466,-91.74,41.73,0
4467,-91.72,37.84,0
4468,-91.72,43.53,0
4469,-91.69,36.28,0
4470,-91.66,47.03,0
4471,-91.66,44.04,0
4472,-91.64,46.17,0
4473,-91.62,48.02,0
4474,-91.62,69.14,0
4475,-91.6,49.44,0
4476,-91.6,34.78,0
4477,-91.59,42.67,0
4478,-91.59,46.69,0
4479,-91.58,44.76,0
4480,-91.56,41.85,0
4481,-91.55,46.49,0
4482,-91.54,73.56,0
4483,-91.5,38.86,0
4484,-91.49,32.49,0
4485,-91.49,45.71,0
4486,-91.48,36.17,0
4487,-91.48,47.15,0
4488,-91.48,42.35,0
4489,-91.46,47.74,0
4490,-91.45,43.81,0
4491,-91.44,37.15,0
4492,-91.42,36.82,0
4493,-91.4,44.92,0
4494,-91.39,39.94,0
4495,-91.39,67.05,0
4496,-91.39,54.71,0
4497,-91.38,37.72,0
4498,-91.38,43.62,0
4499,-91.36,37.99,0
4500,-91.36,44.48,0
4501,-91.35,41.67,0
4502,-91.35,30.78,0
4503,-91.35,56.69,0
4504,-91.35,78.66,0
4505,-91.34,40.4,0
4506,-91.34,38.38,0
4507,-91.31,35.64,0
4508,-91.31,43.43,0
4509,-91.29,43.97,0
4510,-91.29,47.3,0
4511,-91.29,41.23,0
4512,-91.29,46.21,0
4513,-91.27,35.21,0
4514,-91.26,33.63,0
4515,-91.23,46.62,0
4516,-91.23,40.62,0
4517,-91.22,36.32,0
4518,-91.21,80.03,0
4519,-91.21,75.55,0
4520,-91.19,37.01,0
4521,-91.18,43.09,0
4522,-91.16,38.7,0
4523,-91.15,44.91,0
4524,-91.13,44.59,0
4525,-91.13,49.26,0
4526,-91.12,36.08,0
4527,-91.12,42.92,0
4528,-91.09,47.42,0
4529,-91.09,41.33,0
4530,-91.09,42.47,0
4531,-91.07,38.25,0
4532,-91.05,68,0
4533,-91.04,43.59,0
4534,-91.03,30.43,0
4535,-91.02,42.74,0
4536,-91.01,43.84,0
4537,-91.01,41.59,0
4538,-90.99,38.07,0
4539,-90.99,44.38,0
4540,-90.98,15.26,0
4541,-90.94,30.7,0
4542,-90.94,53.53,0
4543,-90.92,43.03,0
4544,-90.92,46.35,0
4545,-90.91,39.37,0
4546,-90.91,39.03,0
4547,-90.9,37.02,0
4548,-90.88,48.17,0
4549,-90.88,46.57,0
4550,-90.87,40.11,0
4551,-90.87,44.11,0
4552,-90.86,64.84,0
4553,-90.86,52.39,0
4554,-90.83,37.83,0
4555,-90.83,41.43,0
4556,-90.83,38.48,0
4557,-90.82,46.81,0
4558,-90.77,43.43,0
4559,-90.74,37.56,0
4560,-90.74,44.3,0
4561,-90.74,51.22,0
4562,-90.72,38.74,0
4563,-90.71,35.78,0
4564,-90.71,47.66,0
4565,-90.71,40.5,0
4566,-90.7,38.17,0
4567,-90.67,42.16,0
4568,-90.66,55.77,0
4569,-90.63,43.61,0
4570,-90.62,44.06,0
4571,-90.62,42.52,0
4572,-90.56,38.31,0
4573,-90.56,38.53,0
4574,-90.56,39.85,0
4575,-90.54,43.19,0
4576,-90.54,38.98,0
4577,-90.53,37.96,0
4578,-90.51,31.74,0
4579,-90.51,41.44,0
4580,-90.5,38.7,0
4581,-90.5,43.36,0
4582,-90.49,37.5,0
4583,-90.48,42.73,0
4584,-90.46,46.42,0
4585,-90.45,37.1,0
4586,-90.43,18.72,0
4587,-90.41,35.72,0
4588,-90.4,41.59,0
4589,-90.4,42.4,0
4590,-90.39,16.41,0
4591,-90.36,79.61,0
4592,-90.34,47.75,0
4593,-90.34,40.83,0
4594,-90.33,40.31,0
4595,-90.32,43.94,0
4596,-90.3,42.22,0
4597,-90.3,32.37,0
4598,-90.29,38.77,0
4599,-90.29,66.52,0
4600,-90.28,44.58,0
4601,-90.25,39.76,0
4602,-90.23,38.07,0
4603,-90.23,37.83,0
4604,-90.22,38.59,0
4605,-90.21,38.93,0
4606,-90.19,44.15,0
4607,-90.19,75.08,0
4608,-90.18,44.34,0
4609,-90.13,43.03,0
4610,-90.13,43.57,0
4611,-90.12,42.4,0
4612,-90.11,36.72,0
4613,-90.11,42.05,0
4614,-90.1,64.88,0
4615,-90.08,29.98,0
4616,-90.07,40.96,0
4617,-90.07,40.19,0
4618,-90.06,43.2,0
4619,-90.05,40.57,0
4620,-90.04,30.35,0
4621,-90.03,35.34,0
4622,-90.03,78.93,0
4623,-90.02,49.8,0
4624,-90.01,43.93,0
4625,-90,40.36,0
4626,-89.99,38.21,0
4627,-89.99,30.88,0
4628,-89.97,39.21,0
4629,-89.96,42.78,0
4630,-89.95,38.77,0
4631,-89.89,41.44,0
4632,-89.88,30.05,0
4633,-89.87,42.96,0
4634,-89.86,34.08,0
4635,-89.85,40.15,0
4636,-89.85,44.18,0
4637,-89.85,35.14,0
4638,-89.85,42.16,0
4639,-89.84,34.41,0
4640,-89.84,39.97,0
4641,-89.83,43.29,0
4642,-89.83,30.31,0
4643,-89.83,54.49,0
4644,-89.82,43.68,0
4645,-89.81,33.77,0
4646,-89.79,80.07,0
4647,-89.77,40.52,0
4648,-89.76,43.48,0
4649,-89.75,44.36,0
4650,-89.71,46.7,0
4651,-89.7,38.77,0
4652,-89.69,46.23,0
4653,-89.67,35.27,0
4654,-89.65,40.69,0
4655,-89.64,43.98,0
4656,-89.64,66.92,0
4657,-89.63,44.59,0
4658,-89.63,39.87,0
4659,-89.63,42.78,0
4660,-89.62,43.19,0
4661,-89.62,48.4,0
4662,-89.62,42.28,0
4663,-89.62,44.95,0
4664,-89.6,40.86,0
4665,-89.6,39.69,0
4666,-89.59,35.11,0
4667,-89.59,30.33,0
4668,-89.59,43.01,0
4669,-89.57,43.37,0
4670,-89.57,14.41,0
4671,-89.56,45.5,0
4672,-89.54,48.14,0
4673,-89.53,45.99,0
4674,-89.51,41.65,0
4675,-89.44,44.3,0
4676,-89.44,32.34,0
4677,-89.43,44.12,0
4678,-89.43,37.55,0
4679,-89.41,51.36,0
4680,-89.4,48.56,0
4681,-89.4,31.34,0
4682,-89.4,30.93,0
4683,-89.38,43.15,0
4684,-89.38,46.66,0
4685,-89.38,43.76,0
4686,-89.37,40.99,0
4687,-89.37,40.79,0
4688,-89.36,42.73,0
4689,-89.36,48.32,0
4690,-89.34,41.77,0
4691,-89.34,39.24,0
4692,-89.32,34.58,0
4693,-89.32,41.22,0
4694,-89.32,43.47,0
4695,-89.31,36.06,0
4696,-89.3,79.69,0
4697,-89.28,42.99,0
4698,-89.27,44.54,0
4699,-89.27,42.11,0
4700,-89.26,32.2,0
4701,-89.26,35.5,0
4702,-89.26,78.81,0
4703,-89.25,36.43,0
4704,-89.24,42.48,0
4705,-89.22,37.87,0
4706,-89.2,45.44,0
4707,-89.18,33.03,0
4708,-89.18,75.01,0
4709,-89.17,43.25,0
4710,-89.16,40.65,0
4711,-89.16,42.3,0
4712,-89.16,45.67,0
4713,-89.15,45.23,0
4714,-89.15,43.97,0
4715,-89.13,40.35,0
4716,-89.12,31.07,0
4717,-89.11,68.65,0
4718,-89.1,44.32,0
4719,-89.1,42.84,0
4720,-89.09,38.96,0
4721,-89.07,56.09,0
4722,-89.05,30.68,0
4723,-89.05,40.81,0
4724,-89.04,35.13,0
4725,-89.04,38.3,0
4726,-89.04,34.95,0
4727,-89.04,41.31,0
4728,-89,31.51,0
4729,-89,42.48,0
4730,-88.98,45.82,0
4731,-88.95,43.87,0
4732,-88.94,43.17,0
4733,-88.93,40.5,0
4734,-88.93,19.82,0
4735,-88.92,50.79,0
4736,-88.92,67.89,0
4737,-88.91,39.87,0
4738,-88.91,48.54,0
4739,-88.91,37.81,0
4740,-88.9,42.29,0
4741,-88.89,37.36,0
4742,-88.89,46.49,0
4743,-88.88,42.96,0
4744,-88.86,44.12,0
4745,-88.86,41.77,0
4746,-88.86,53.1,0
4747,-88.84,42.62,0
4748,-88.84,42.12,0
4749,-88.84,71.96,0
4750,-88.83,30.56,0
4751,-88.81,34.03,0
4752,-88.81,39.54,0
4753,-88.8,48.37,0
4754,-88.8,54.94,0
4755,-88.79,41.37,0
4756,-88.78,33.27,0
4757,-88.78,38.05,0
4758,-88.77,35.4,0
4759,-88.76,41.93,0
4760,-88.74,33.51,0
4761,-88.73,35.05,0
4762,-88.73,41.62,0
4763,-88.73,66.14,0
4764,-88.72,37.07,0
4765,-88.7,44.38,0
4766,-88.69,37.8,0
4767,-88.69,72.8,0
4768,-88.69,66.82,0
4769,-88.69,64.61,0
4770,-88.68,42.77,0
4771,-88.68,34.3,0
4772,-88.66,44.79,0
4773,-88.65,30.45,0
4774,-88.62,44.14,0
4775,-88.61,40.75,0
4776,-88.61,43.47,0
4777,-88.61,36.79,0
4778,-88.61,40.57,0
4779,-88.59,47.23,0
4780,-88.58,43.65,0
4781,-88.57,39.55,0
4782,-88.57,42.41,0
4783,-88.56,35.17,0
4784,-88.54,48.11,0
4785,-88.54,39.19,0
4786,-88.54,42.59,0
4787,-88.53,34.06,0
4788,-88.53,47.03,0
4789,-88.5,49.5,0
4790,-88.48,45.41,0
4791,-88.48,46.64,0
4792,-88.47,43.81,0
4793,-88.43,30.43,0
4794,-88.42,41.28,0
4795,-88.42,31.33,0
4796,-88.42,75.12,0
4797,-88.41,42.18,0
4798,-88.41,43.11,0
4799,-88.4,40.2,0
4800,-88.4,36.21,0
4801,-88.39,42.86,0
4802,-88.39,41.72,0
4803,-88.35,79.42,0
4804,-88.32,32.74,0
4805,-88.31,47.37,0
4806,-88.31,39.49,0
4807,-88.3,41.97,0
4808,-88.3,38.25,0
4809,-88.29,41.45,0
4810,-88.29,49.02,0
4811,-88.28,38.04,0
4812,-88.27,33.08,0
4813,-88.27,30.82,0
4814,-88.25,40.92,0
4815,-88.25,44.27,0
4816,-88.24,42.31,0
4817,-88.22,49.22,0
4818,-88.2,40.05,0
4819,-88.2,40.41,0
4820,-88.19,43.64,0
4821,-88.19,32.59,0
4822,-88.19,43.21,0
4823,-88.18,30.62,0
4824,-88.17,45.84,0
4825,-88.17,41.25,0
4826,-88.16,42.9,0
4827,-88.13,44.52,0
4828,-88.13,35.66,0
4829,-88.12,36.94,0
4830,-88.11,42.1,0
4831,-88.1,40.69,0
4832,-88.09,30.25,0
4833,-88.08,41.58,0
4834,-88.07,32.86,0
4835,-88.06,35.46,0
4836,-88.05,41.8,0
4837,-88.05,42.55,0
4838,-88.04,42.75,0
4839,-88.03,31.56,0
4840,-88.03,43.39,0
4841,-88,32.69,0
4842,-88,37.22,0
4843,-88,32.09,0
4844,-87.98,43.81,0
4845,-87.97,41.43,0
4846,-87.97,41.96,0
4847,-87.97,40.37,0
4848,-87.97,52.32,0
4849,-87.96,33.91,0
4850,-87.92,34.61,0
4851,-87.91,30.74,0
4852,-87.91,40.17,0
4853,-87.9,42.99,0
4854,-87.89,47.47,0
4855,-87.89,41.15,0
4856,-87.89,43.18,0
4857,-87.87,32.49,0
4858,-87.87,45.38,0
4859,-87.86,45.78,0
4860,-87.85,44.61,0
4861,-87.84,42.14,0
4862,-87.84,72.41,0
4863,-87.82,42.82,0
4864,-87.82,42.58,0
4865,-87.82,41.83,0
4866,-87.82,41.62,0
4867,-87.82,42.37,0
4868,-87.82,30.24,0
4869,-87.81,43.5,0
4870,-87.81,34.39,0
4871,-87.79,35.89,0
4872,-87.78,45.59,0
4873,-87.78,46.78,0
4874,-87.78,81.21,0
4875,-87.75,39.01,0
4876,-87.72,41.44,0
4877,-87.72,43.66,0
4878,-87.71,46.53,0
4879,-87.7,66.29,0
4880,-87.69,36.38,0
4881,-87.66,42.01,0
4882,-87.66,45.11,0
4883,-87.66,73.29,0
4884,-87.63,34.59,0
4885,-87.6,40.03,0
4886,-87.59,44.15,0
4887,-87.58,41.79,0
4888,-87.56,41.01,0
4889,-87.55,41.61,0
4890,-87.55,33.22,0
4891,-87.55,70.67,0
4892,-87.52,34.98,0
4893,-87.5,36.01,0
4894,-87.49,35.53,0
4895,-87.47,41.42,0
4896,-87.47,51.02,0
4897,-87.47,49.84,0
4898,-87.46,46.16,0
4899,-87.46,39.52,0
4900,-87.43,32.82,0
4901,-87.43,53.8,0
4902,-87.43,71.92,0
4903,-87.42,38.69,0
4904,-87.41,46.57,0
4905,-87.4,32.14,0
4906,-87.38,44.95,0
4907,-87.37,39.3,0
4908,-87.36,54.98,0
4909,-87.36,74.93,0
4910,-87.34,45.44,0
4911,-87.31,45.7,0
4912,-87.3,36.56,0
4913,-87.29,36.92,0
4914,-87.27,46.01,0
4915,-87.26,36.03,0
4916,-87.23,33.44,0
4917,-87.23,33.85,0
4918,-87.21,35.12,0
4919,-87.21,41.62,0
4920,-87.19,41.16,0
4921,-87.18,38.99,0
4922,-87.15,41.44,0
4923,-87.13,34.01,0
4924,-87.13,36.45,0
4925,-87.13,32.32,0
4926,-87.12,45.07,0
4927,-87.09,46.26,0
4928,-87.06,33.09,0
4929,-87.04,45.74,0
4930,-87.04,37.76,0
4931,-87.04,46.5,0
4932,-87.02,36.08,0
4933,-87.01,33.29,0
4934,-86.95,36.69,0
4935,-86.93,46.03,0
4936,-86.89,41.59,0
4937,-86.89,39.63,0
4938,-86.87,35.76,0
4939,-86.87,40.4,0
4940,-86.83,30.86,0
4941,-86.78,34.7,0
4942,-86.77,33.79,0
4943,-86.77,33.18,0
4944,-86.75,36.47,0
4945,-86.74,41.79,0
4946,-86.74,52.4,0
4947,-86.74,14.79,0
4948,-86.73,41.21,0
4949,-86.72,32.41,0
4950,-86.72,31.41,0
4951,-86.71,33.55,0
4952,-86.71,49.27,0
4953,-86.67,46.45,0
4954,-86.58,41.95,0
4955,-86.57,33.85,0
4956,-86.57,39.28,0
4957,-86.56,73.45,0
4958,-86.55,40.17,0
4959,-86.54,34.72,0
4960,-86.51,46.06,0
4961,-86.5,33.64,0
4962,-86.5,32.13,0
4963,-86.47,38.14,0
4964,-86.47,46.34,0
4965,-86.47,35.27,0
4966,-86.45,36.29,0
4967,-86.44,41.34,0
4968,-86.42,43.96,0
4969,-86.42,54.99,0
4970,-86.41,45.89,0
4971,-86.4,36.09,0
4972,-86.4,39.15,0
4973,-86.36,43.42,0
4974,-86.35,32.98,0
4975,-86.35,46.56,0
4976,-86.33,40.75,0
4977,-86.33,81.4,0
4978,-86.32,39.81,0
4979,-86.3,35.85,0
4980,-86.29,49.99,0
4981,-86.28,30.48,0
4982,-86.27,33.96,0
4983,-86.27,43.12,0
4984,-86.25,44.69,0
4985,-86.25,44.48,0
4986,-86.25,71.24,0
4987,-86.23,41.68,0
4988,-86.22,32.18,0
4989,-86.22,42.29,0
4990,-86.21,33.61,0
4991,-86.21,39.96,0
4992,-86.2,34.4,0
4993,-86.2,42.71,0
4994,-86.2,44.2,0
4995,-86.19,31.14,0
4996,-86.18,51.36,0
4997,-86.15,39.41,0
4998,-86.14,37.55,0
4999,-86.14,74.89,0
5000,-86.13,43.53,0
5001,-86.11,33.84,0
5002,-86.1,35.7,0
5003,-86.1,35.49,0
5004,-86.03,31.88,0
5005,-86.03,46.66,0
5006,-86.02,40.16,0
5007,-86.02,45.11,0
5008,-86.01,39.68,0
5009,-85.99,42.79,0
5010,-85.98,42.55,0
5011,-85.97,32.69,0
5012,-85.97,46.29,0
5013,-85.97,44.9,0
5014,-85.94,45.93,0
5015,-85.93,35.2,0
5016,-85.93,30.7,0
5017,-85.93,44.51,0
5018,-85.91,41.82,0
5019,-85.91,39.25,0
5020,-85.9,44.21,0
5021,-85.88,34.27,0
5022,-85.86,45.43,0
5023,-85.84,41.25,0
5024,-85.84,38.1,0
5025,-85.84,33.47,0
5026,-85.83,43.64,0
5027,-85.83,42.11,0
5028,-85.8,53.31,0
5029,-85.78,41.64,0
5030,-85.78,44.68,0
5031,-85.77,44.38,0
5032,-85.76,34.07,0
5033,-85.75,43.9,0
5034,-85.75,31.36,0
5035,-85.75,42.93,0
5036,-85.74,38.26,0
5037,-85.72,43.45,0
5038,-85.72,46.08,0
5039,-85.72,34.44,0
5040,-85.72,42.28,0
5041,-85.72,76.99,0
5042,-85.71,37.51,0
5043,-85.7,39.41,0
5044,-85.7,44.92,0
5045,-85.66,37.92,0
5046,-85.65,45.09,0
5047,-85.63,35.81,0
5048,-85.62,36.14,0
5049,-85.58,40.79,0
5050,-85.57,33.79,0
5051,-85.57,49.92,0
5052,-85.56,38.1,0
5053,-85.55,44.74,0
5054,-85.54,45.7,0
5055,-85.53,36.31,0
5056,-85.53,64.8,0
5057,-85.52,34.52,0
5058,-85.51,34.87,0
5059,-85.51,43.83,0
5060,-85.51,42.95,0
5061,-85.5,41.16,0
5062,-85.49,79.84,0
5063,-85.48,32.03,0
5064,-85.48,32.55,0
5065,-85.47,43.22,0
5066,-85.46,38.34,0
5067,-85.46,43.64,0
5068,-85.45,43.4,0
5069,-85.43,42.65,0
5070,-85.43,35.44,0
5071,-85.41,34.13,0
5072,-85.41,48.81,0
5073,-85.37,31.29,0
5074,-85.37,35.01,0
5075,-85.36,35.65,0
5076,-85.36,37.44,0
5077,-85.36,44.58,0
5078,-85.35,37.09,0
5079,-85.31,42.44,0
5080,-85.3,40.1,0
5081,-85.28,41.02,0
5082,-85.26,67.73,0
5083,-85.25,35.88,0
5084,-85.23,39.54,0
5085,-85.23,36.88,0
5086,-85.22,35.22,0
5087,-85.22,44.81,0
5088,-85.22,75.08,0
5089,-85.18,45.35,0
5090,-85.14,45.14,0
5091,-85.12,46.19,0
5092,-85.1,38.45,0
5093,-85.09,41.62,0
5094,-85.09,12.91,0
5095,-85.08,43.66,0
5096,-85.06,41.19,0
5097,-85.06,32.67,0
5098,-85.05,35.02,0
5099,-85.01,35.25,0
5100,-85,44,0
5101,-84.99,41.85,0
5102,-84.98,44.47,0
5103,-84.97,30.91,0
5104,-84.97,42.24,0
5105,-84.97,39.8,0
5106,-84.96,35.79,0
5107,-84.93,46.03,0
5108,-84.92,34.14,0
5109,-84.92,54.6,0
5110,-84.92,52.09,0
5111,-84.9,45.75,0
5112,-84.89,37.65,0
5113,-84.88,45.2,0
5114,-84.87,45.42,0
5115,-84.86,38.14,0
5116,-84.85,35.95,0
5117,-84.85,64.25,0
5118,-84.83,41.55,0
5119,-84.83,44.29,0
5120,-84.82,36.52,0
5121,-84.8,42.79,0
5122,-84.79,39.21,0
5123,-84.77,70.55,0
5124,-84.76,43.61,0
5125,-84.76,44.78,0
5126,-84.75,35.39,0
5127,-84.75,29.72,0
5128,-84.75,42.52,0
5129,-84.74,37.82,0
5130,-84.74,36.12,0
5131,-84.73,39,0
5132,-84.68,41.7,0
5133,-84.67,45.58,0
5134,-84.66,45.02,0
5135,-84.65,34.03,0
5136,-84.65,36.4,0
5137,-84.65,40.1,0
5138,-84.64,42.96,0
5139,-84.63,33.75,0
5140,-84.62,39.59,0
5141,-84.62,50.98,0
5142,-84.61,33.38,0
5143,-84.6,35.68,0
5144,-84.59,46.03,0
5145,-84.57,37.62,0
5146,-84.57,44.03,0
5147,-84.56,38.3,0
5148,-84.55,39.88,0
5149,-84.54,38.09,0
5150,-84.54,42.63,0
5151,-84.51,35.92,0
5152,-84.49,39.02,0
5153,-84.49,46.49,0
5154,-84.48,45.73,0
5155,-84.47,45.35,0
5156,-84.46,38.82,0
5157,-84.46,40.55,0
5158,-84.46,69.3,0
5159,-84.46,68.31,0
5160,-84.45,33.91,0
5161,-84.45,42.16,0
5162,-84.43,34.59,0
5163,-84.42,44.93,0
5164,-84.42,33.73,0
5165,-84.42,39.2,0
5166,-84.41,46.7,0
5167,-84.4,43.76,0
5168,-84.39,37.9,0
5169,-84.39,37.49,0
5170,-84.38,42.83,0
5171,-84.38,75.08,0
5172,-84.35,48.05,0
5173,-84.33,42.53,0
5174,-84.3,35.86,0
5175,-84.3,39.41,0
5176,-84.29,37.72,0
5177,-84.29,43.32,0
5178,-84.26,42.31,0
5179,-84.25,45.43,0
5180,-84.24,42.04,0
5181,-84.23,38.56,0
5182,-84.23,39.65,0
5183,-84.23,79.8,0
5184,-84.22,45.21,0
5185,-84.22,46.43,0
5186,-84.2,40.15,0
5187,-84.2,39.19,0
5188,-84.19,45.98,0
5189,-84.18,41.79,0
5190,-84.17,30.09,0
5191,-84.16,39.02,0
5192,-84.15,36.95,0
5193,-84.15,30.51,0
5194,-84.15,33.98,0
5195,-84.12,44.11,0
5196,-84.12,48.93,0
5197,-84.1,43.91,0
5198,-84.09,39.5,0
5199,-84.09,35.93,0
5200,-84.08,44.34,0
5201,-84.07,53.42,0
5202,-84.07,13.46,0
5203,-84.06,40.76,0
5204,-84.05,42.15,0
5205,-84.04,50.03,0
5206,-84,39.88,0
5207,-83.99,9.77,0
5208,-83.98,42.48,0
5209,-83.98,46.33,0
5210,-83.97,64.5,0
5211,-83.95,46.06,0
5212,-83.94,30.19,0
5213,-83.94,43.77,0
5214,-83.93,81.71,0
5215,-83.92,33.73,0
5216,-83.92,41.86,0
5217,-83.91,33.91,0
5218,-83.91,78.15,0
5219,-83.89,43.54,0
5220,-83.89,47.18,0
5221,-83.87,43.12,0
5222,-83.86,35.6,0
5223,-83.85,42.27,0
5224,-83.83,40.56,0
5225,-83.83,33.42,0
5226,-83.81,34.31,0
5227,-83.79,41.45,0
5228,-83.77,40.26,0
5229,-83.75,45.12,0
5230,-83.75,67.63,0
5231,-83.74,52.51,0
5232,-83.7,46.09,0
5233,-83.7,70.44,0
5234,-83.69,41.02,0
5235,-83.69,35.95,0
5236,-83.68,34.72,0
5237,-83.68,36.14,0
5238,-83.67,42.81,0
5239,-83.65,42.06,0
5240,-83.63,40.82,0
5241,-83.63,71.24,0
5242,-83.62,38.81,0
5243,-83.62,35.08,0
5244,-83.61,42.24,0
5245,-83.61,37.84,0
5246,-83.61,43.2,0
5247,-83.6,41.58,0
5248,-83.59,68.65,0
5249,-83.58,45.35,0
5250,-83.57,38.41,0
5251,-83.55,72.49,0
5252,-83.54,40.39,0
5253,-83.53,31.48,0
5254,-83.52,41.81,0
5255,-83.46,34.59,0
5256,-83.46,45.9,0
5257,-83.45,39.95,0
5258,-83.45,42.48,0
5259,-83.44,42.67,0
5260,-83.44,45.07,0
5261,-83.43,41.32,0
5262,-83.43,43.82,0
5263,-83.42,35.02,0
5264,-83.42,39,0
5265,-83.42,42.91,0
5266,-83.41,38.76,0
5267,-83.41,41.01,0
5268,-83.38,42.31,0
5269,-83.32,40.1,0
5270,-83.32,35.17,0
5271,-83.31,42,0
5272,-83.25,34.82,0
5273,-83.24,46.31,0
5274,-83.24,79.54,0
5275,-83.23,42.54,0
5276,-83.23,42.76,0
5277,-83.21,41.61,0
5278,-83.21,73.14,0
5279,-83.21,75.2,0
5280,-83.2,35.34,0
5281,-83.18,43.23,0
5282,-83.16,43.6,0
5283,-83.15,34.2,0
5284,-83.14,35.08,0
5285,-83.13,38.44,0
5286,-83.13,51.55,0
5287,-83.13,53.99,0
5288,-83.12,36.65,0
5289,-83.11,42.15,0
5290,-83.08,39.92,0
5291,-83.07,35.59,0
5292,-83.05,44.01,0
5293,-83.03,42.64,0
5294,-83.01,46.17,0
5295,-83.01,36.32,0
5296,-82.99,39.33,0
5297,-82.98,64.61,0
5298,-82.97,42.35,0
5299,-82.96,40.27,0
5300,-82.94,45.83,0
5301,-82.92,35.76,0
5302,-82.92,43.22,0
5303,-82.9,40.8,0
5304,-82.86,39.76,0
5305,-82.85,35.14,0
5306,-82.84,34.67,0
5307,-82.84,40.01,0
5308,-82.83,41.4,0
5309,-82.83,49.38,0
5310,-82.83,48.13,0
5311,-82.82,42.04,0
5312,-82.81,47.12,0
5313,-82.81,40.4,0
5314,-82.79,42.57,0
5315,-82.79,71.81,0
5316,-82.77,35.4,0
5317,-82.75,37.7,0
5318,-82.75,76.95,0
5319,-82.75,50.72,0
5320,-82.74,41.1,0
5321,-82.72,46.2,0
5322,-82.71,42.29,0
5323,-82.71,41.6,0
5324,-82.66,28.13,0
5325,-82.65,35.23,0
5326,-82.65,43.66,0
5327,-82.61,28.63,0
5328,-82.6,39.7,0
5329,-82.6,67.35,0
5330,-82.6,75.31,0
5331,-82.58,43.14,0
5332,-82.57,45.89,0
5333,-82.57,29.13,0
5334,-82.56,35.63,0
5335,-82.56,40.7,0
5336,-82.55,38.93,0
5337,-82.54,40.09,0
5338,-82.54,42.58,0
5339,-82.53,35.44,0
5340,-82.53,35.8,0
5341,-82.53,41.97,0
5342,-82.51,41.38,0
5343,-82.5,71.16,0
5344,-82.48,45.72,0
5345,-82.46,27.22,0
5346,-82.42,34.91,0
5347,-82.42,72.65,0
5348,-82.4,42.37,0
5349,-82.4,41.03,0
5350,-82.35,28.63,0
5351,-82.34,43.02,0
5352,-82.34,42.77,0
5353,-82.33,38.88,0
5354,-82.32,36.32,0
5355,-82.32,35.77,0
5356,-82.31,28.11,0
5357,-82.29,37.29,0
5358,-82.29,46.14,0
5359,-82.28,34.71,0
5360,-82.27,35.03,0
5361,-82.25,35.43,0
5362,-82.24,34.41,0
5363,-82.23,39.65,0
5364,-82.23,41.44,0
5365,-82.2,39.24,0
5366,-82.19,33.67,0
5367,-82.17,35.94,0
5368,-82.15,40.4,0
5369,-82.14,42.41,0
5370,-82.13,39.43,0
5371,-82.11,45.85,0
5372,-82.11,40.06,0
5373,-82.1,40.75,0
5374,-82.1,81.44,0
5375,-82.09,41.02,0
5376,-82.08,36.18,0
5377,-82.07,39.89,0
5378,-82.07,46.23,0
5379,-82.04,35.72,0
5380,-82,33.53,0
5381,-82,41.44,0
5382,-81.98,41.19,0
5383,-81.97,35.35,0
5384,-81.97,43.21,0
5385,-81.94,28.35,0
5386,-81.94,26.87,0
5387,-81.93,42.62,0
5388,-81.9,30.15,0
5389,-81.85,45.8,0
5390,-81.85,39.24,0
5391,-81.85,42.31,0
5392,-81.84,36.09,0
5393,-81.81,32.33,0
5394,-81.81,40.21,0
5395,-81.8,41.3,0
5396,-81.79,75.01,0
5397,-81.76,40.82,0
5398,-81.75,26.57,0
5399,-81.75,43.29,0
5400,-81.74,36.27,0
5401,-81.74,43.02,0
5402,-81.74,46.11,0
5403,-81.73,43.81,0
5404,-81.72,30.28,0
5405,-81.71,50.35,0
5406,-81.69,45.25,0
5407,-81.69,40.99,0
5408,-81.68,51.71,0
5409,-81.67,42.57,0
5410,-81.65,34.44,0
5411,-81.65,49.27,0
5412,-81.65,72.84,0
5413,-81.63,41.54,0
5414,-81.62,40.68,0
5415,-81.58,26,0
5416,-81.58,27.94,0
5417,-81.57,35.99,0
5418,-81.57,44.06,0
5419,-81.56,26.45,0
5420,-81.56,36.39,0
5421,-81.55,30.12,0
5422,-81.55,42.77,0
5423,-81.55,39.91,0
5424,-81.55,41.17,0
5425,-81.49,43.62,0
5426,-81.48,48.33,0
5427,-81.48,40.09,0
5428,-81.48,45.99,0
5429,-81.48,43.36,0
5430,-81.47,44.42,0
5431,-81.44,43.18,0
5432,-81.41,41.32,0
5433,-81.41,26.6,0
5434,-81.41,29.81,0
5435,-81.38,35.14,0
5436,-81.37,41.56,0
5437,-81.36,40.86,0
5438,-81.34,36.53,0
5439,-81.34,42.69,0
5440,-81.32,40.39,0
5441,-81.3,41.17,0
5442,-81.3,71.5,0
5443,-81.3,47.44,0
5444,-81.29,41.76,0
5445,-81.26,25.99,0
5446,-81.26,44.17,0
5447,-81.25,44.52,0
5448,-81.24,29.49,0
5449,-81.23,42.95,0
5450,-81.21,44.8,0
5451,-81.19,26.17,0
5452,-81.18,26.48,0
5453,-81.18,35.82,0
5454,-81.16,28.59,0
5455,-81.16,37.53,0
5456,-81.15,36.42,0
5457,-81.14,41.31,0
5458,-81.14,43.26,0
5459,-81.13,27.82,0
5460,-81.12,40.19,0
5461,-81.12,36.14,0
5462,-81.11,70.48,0
5463,-81.09,35.33,0
5464,-81.08,35.57,0
5465,-81.07,77.94,0
5466,-81.02,27.58,0
5467,-81.01,46.6,0
5468,-81.01,34.9,0
5469,-81.01,42.75,0
5470,-81.01,40.04,0
5471,-80.99,44.28,0
5472,-80.96,43.96,0
5473,-80.95,37.77,0
5474,-80.95,40.68,0
5475,-80.93,28.45,0
5476,-80.93,36.95,0
5477,-80.93,41.71,0
5478,-80.93,78.62,0
5479,-80.89,42.97,0
5480,-80.87,44.56,0
5481,-80.85,41.44,0
5482,-80.85,50.26,0
5483,-80.82,42.64,0
5484,-80.8,35,0
5485,-80.77,35.45,0
5486,-80.75,44.19,0
5487,-80.74,43.41,0
5488,-80.72,35.27,0
5489,-80.72,36.38,0
5490,-80.7,40.99,0
5491,-80.68,37,0
5492,-80.68,48.54,0
5493,-80.68,44.01,0
5494,-80.66,43.19,0
5495,-80.65,38.85,0
5496,-80.61,40.74,0
5497,-80.61,42.99,0
5498,-80.6,40.16,0
5499,-80.57,43.61,0
5500,-80.56,44.39,0
5501,-80.56,45.92,0
5502,-80.5,35.23,0
5503,-80.46,44.55,0
5504,-80.44,40.51,0
5505,-80.43,43.45,0
5506,-80.43,37.23,0
5507,-80.42,27.61,0
5508,-80.42,43.96,0
5509,-80.39,42.58,0
5510,-80.39,43.27,0
5511,-80.39,41.41,0
5512,-80.36,42.01,0
5513,-80.35,40.14,0
5514,-80.34,37.4,0
5515,-80.32,44.4,0
5516,-80.32,41.12,0
5517,-80.32,42.92,0
5518,-80.31,35.46,0
5519,-80.3,41.6,0
5520,-80.3,36.87,0
5521,-80.3,22.41,0
5522,-80.28,42.74,0
5523,-80.26,45.76,0
5524,-80.26,43.1,0
5525,-80.25,43.69,0
5526,-80.21,26.86,0
5527,-80.21,35.92,0
5528,-80.21,34.19,0
5529,-80.2,71.24,0
5530,-80.19,45.34,0
5531,-80.17,46.36,0
5532,-80.16,34.99,0
5533,-80.16,44.04,0
5534,-80.16,81.25,0
5535,-80.14,40.61,0
5536,-80.13,26.34,0
5537,-80.11,41.87,0
5538,-80.1,42.55,0
5539,-80.1,43.42,0
5540,-80.09,42.13,0
5541,-80.08,39.8,0
5542,-80.08,41.37,0
5543,-80.06,43.82,0
5544,-80.05,45.65,0
5545,-80.05,43.23,0
5546,-80.05,41.59,0
5547,-80.05,79.04,0
5548,-80.04,44.49,0
5549,-80.02,39.25,0
5550,-80,40.97,0
5551,-80,37.2,0
5552,-79.99,45.02,0
5553,-79.98,35.32,0
5554,-79.98,44.16,0
5555,-79.97,38.93,0
5556,-79.97,40.32,0
5557,-79.96,35.82,0
5558,-79.96,44.75,0
5559,-79.94,36.74,0
5560,-79.93,49.31,0
5561,-79.91,45.21,0
5562,-79.9,38.39,0
5563,-79.89,40.78,0
5564,-79.86,43.65,0
5565,-79.84,34.19,0
5566,-79.81,45.43,0
5567,-79.81,43.19,0
5568,-79.8,46.05,0
5569,-79.8,44.01,0
5570,-79.8,39.52,0
5571,-79.77,36.24,0
5572,-79.77,35.63,0
5573,-79.76,41.97,0
5574,-79.75,36.51,0
5575,-79.74,38.92,0
5576,-79.72,44.51,0
5577,-79.72,44.32,0
5578,-79.7,40.46,0
5579,-79.7,44.75,0
5580,-79.7,38.53,0
5581,-79.68,43.36,0
5582,-79.68,37.5,0
5583,-79.68,41.52,0
5584,-79.68,33.29,0
5585,-79.67,41.07,0
5586,-79.65,45.03,0
5587,-79.64,45.25,0
5588,-79.61,43.53,0
5589,-79.61,43.72,0
5590,-79.59,38.7,0
5591,-79.58,38,0
5592,-79.57,43.19,0
5593,-79.56,40.3,0
5594,-79.55,42.84,0
5595,-79.55,50.34,0
5596,-79.52,33.1,0
5597,-79.5,39.86,0
5598,-79.49,40.69,0
5599,-79.48,44.48,0
5600,-79.48,36.74,0
5601,-79.44,43.94,0
5602,-79.44,48.43,0
5603,-79.43,46.33,0
5604,-79.43,35.92,0
5605,-79.43,39.07,0
5606,-79.42,44.69,0
5607,-79.41,40.85,0
5608,-79.39,37.59,0
5609,-79.37,35.15,0
5610,-79.36,44.31,0
5611,-79.36,44.91,0
5612,-79.34,44.1,0
5613,-79.33,39.5,0
5614,-79.33,43.63,0
5615,-79.32,79.92,0
5616,-79.29,45.09,0
5617,-79.28,43.19,0
5618,-79.25,36.72,0
5619,-79.23,47.55,0
5620,-79.23,41.08,0
5621,-79.22,45.39,0
5622,-79.22,46.12,0
5623,-79.22,42.12,0
5624,-79.21,35.99,0
5625,-79.2,77.99,0
5626,-79.19,35.77,0
5627,-79.19,42.37,0
5628,-79.16,44.52,0
5629,-79.16,43.82,0
5630,-79.15,39.69,0
5631,-79.12,40.6,0
5632,-79.12,37.99,0
5633,-79.1,44.23,0
5634,-79.1,41.33,0
5635,-79.09,43.04,0
5636,-79.09,44.01,0
5637,-79.05,35.26,0
5638,-79.04,44.69,0
5639,-79.01,42.87,0
5640,-79.01,41.95,0
5641,-78.94,45.29,0
5642,-78.94,44.45,0
5643,-78.93,44.87,0
5644,-78.92,43.88,0
5645,-78.92,36.07,0
5646,-78.91,40.06,0
5647,-78.9,40.3,0
5648,-78.87,46.29,0
5649,-78.86,38.43,0
5650,-78.86,44.28,0
5651,-78.85,36.24,0
5652,-78.85,42.67,0
5653,-78.84,35.83,0
5654,-78.84,41.09,0
5655,-78.82,45.64,0
5656,-78.79,73.14,0
5657,-78.75,42.94,0
5658,-78.71,38.13,0
5659,-78.7,41.95,0
5660,-78.67,44.6,0
5661,-78.67,36.97,0
5662,-78.64,37.4,0
5663,-78.64,41.73,0
5664,-78.6,44.26,0
5665,-78.55,40.68,0
5666,-78.53,45.01,0
5667,-78.52,39.98,0
5668,-78.51,43.97,0
5669,-78.51,45.57,0
5670,-78.5,36.62,0
5671,-78.49,35.94,0
5672,-78.49,37.8,0
5673,-78.49,42.77,0
5674,-78.49,43.37,0
5675,-78.43,43.12,0
5676,-78.43,38,0
5677,-78.42,38.54,0
5678,-78.38,42.54,0
5679,-78.37,37.55,0
5680,-78.37,54.11,0
5681,-78.36,44.21,0
5682,-78.34,44.56,0
5683,-78.34,79.56,0
5684,-78.32,39.07,0
5685,-78.31,40.25,0
5686,-78.29,44.78,0
5687,-78.29,40.48,0
5688,-78.28,36.09,0
5689,-78.27,33.98,0
5690,-78.26,45.54,0
5691,-78.26,81.99,0
5692,-78.25,40.85,0
5693,-78.25,42.39,0
5694,-78.24,41.79,0
5695,-78.23,37.3,0
5696,-78.19,41.96,0
5697,-78.17,38.89,0
5698,-78.14,34.41,0
5699,-78.13,44.27,0
5700,-78.13,44.46,0
5701,-78.11,53.15,0
5702,-78.06,43.97,0
5703,-78.05,37.82,0
5704,-78.05,36.68,0
5705,-78.04,40.49,0
5706,-78.02,38.47,0
5707,-78.02,49.57,0
5708,-78.01,42.13,0
5709,-77.99,71.01,0
5710,-77.96,44.94,0
5711,-77.95,44.15,0
5712,-77.95,43.21,0
5713,-77.92,45.2,0
5714,-77.91,41.83,0
5715,-77.9,44.34,0
5716,-77.9,44.67,0
5717,-77.89,43,0
5718,-77.88,38.97,0
5719,-77.88,50.68,0
5720,-77.87,38.22,0
5721,-77.86,39.15,0
5722,-77.81,39.49,0
5723,-77.8,40.68,0
5724,-77.8,38.78,0
5725,-77.8,48.13,0
5726,-77.79,38.58,0
5727,-77.77,42.29,0
5728,-77.77,38.03,0
5729,-77.77,34.25,0
5730,-77.77,45.05,0
5731,-77.76,47.06,0
5732,-77.73,44,0
5733,-77.72,42.72,0
5734,-77.72,42.09,0
5735,-77.68,37.41,0
5736,-77.68,43.29,0
5737,-77.65,42.96,0
5738,-77.65,82.32,0
5739,-77.64,34.58,0
5740,-77.64,41.03,0
5741,-77.63,54.12,0
5742,-77.59,38.98,0
5743,-77.58,45.43,0
5744,-77.55,39.43,0
5745,-77.55,44.45,0
5746,-77.54,39.21,0
5747,-77.54,38.62,0
5748,-77.53,43.15,0
5749,-77.53,52.2,0
5750,-77.49,43.99,0
5751,-77.47,39.62,0
5752,-77.47,37.28,0
5753,-77.46,44.62,0
5754,-77.45,37.53,0
5755,-77.42,42.82,0
5756,-77.4,44.15,0
5757,-77.38,35.81,0
5758,-77.36,38.97,0
5759,-77.34,42.18,0
5760,-77.33,40.04,0
5761,-77.31,38.76,0
5762,-77.31,43.07,0
5763,-77.31,54.9,0
5764,-77.31,58.75,0
5765,-77.31,46.83,0
5766,-77.29,39.29,0
5767,-77.29,38.3,0
5768,-77.29,45.07,0
5769,-77.29,41.83,0
5770,-77.28,39.5,0
5771,-77.27,64.84,0
5772,-77.26,45.89,0
5773,-77.23,39.81,0
5774,-77.2,44.7,0
5775,-77.19,43.92,0
5776,-77.18,44.89,0
5777,-77.15,44.45,0
5778,-77.15,61.99,0
5779,-77.15,71.16,0
5780,-77.11,34.67,0
5781,-77.1,39.2,0
5782,-77.08,38.55,0
5783,-77.08,39.03,0
5784,-77.08,54.11,0
5785,-77.08,48.58,0
5786,-77.07,39.41,0
5787,-77.06,43.02,0
5788,-77.04,45.69,0
5789,-77.04,80.37,0
5790,-77.03,43.24,0
5791,-77.01,40.3,0
5792,-77.01,44.07,0
5793,-76.99,39.65,0
5794,-76.95,42.11,0
5795,-76.94,35.99,0
5796,-76.94,44.94,0
5797,-76.92,44.24,0
5798,-76.91,45.26,0
5799,-76.9,38.84,0
5800,-76.89,37.3,0
5801,-76.89,72.04,0
5802,-76.88,42.78,0
5803,-76.85,38.49,0
5804,-76.85,40.97,0
5805,-76.85,39.28,0
5806,-76.82,34.9,0
5807,-76.81,50.76,0
5808,-76.81,61.22,0
5809,-76.8,39.08,0
5810,-76.78,40.27,0
5811,-76.78,41.8,0
5812,-76.77,44.76,0
5813,-76.77,44.55,0
5814,-76.77,39.68,0
5815,-76.76,42.44,0
5816,-76.74,42.97,0
5817,-76.72,44.37,0
5818,-76.71,38.69,0
5819,-76.7,59.36,0
5820,-76.69,39.5,0
5821,-76.66,42.28,0
5822,-76.66,45.17,0
5823,-76.65,38.05,0
5824,-76.65,40.44,0
5825,-76.63,45.5,0
5826,-76.62,47.25,0
5827,-76.62,49.77,0
5828,-76.6,39.33,0
5829,-76.6,37.77,0
5830,-76.58,37.32,0
5831,-76.58,52.62,0
5832,-76.55,43.2,0
5833,-76.51,44.75,0
5834,-76.51,38.81,0
5835,-76.51,81.21,0
5836,-76.48,37.04,0
5837,-76.47,60.43,0
5838,-76.46,44.53,0
5839,-76.45,44.12,0
5840,-76.44,41.02,0
5841,-76.44,39.04,0
5842,-76.43,39.95,0
5843,-76.43,57.99,0
5844,-76.43,61.72,0
5845,-76.42,39.69,0
5846,-76.39,51.94,0
5847,-76.37,39.4,0
5848,-76.36,44.98,0
5849,-76.35,42.37,0
5850,-76.35,42.97,0
5851,-76.3,43.45,0
5852,-76.29,70.92,0
5853,-76.29,20.37,0
5854,-76.28,43.85,0
5855,-76.27,40.07,0
5856,-76.25,42.57,0
5857,-76.23,39.8,0
5858,-76.22,45.2,0
5859,-76.21,44.32,0
5860,-76.21,44.03,0
5861,-76.19,42.83,0
5862,-76.18,44.69,0
5863,-76.18,38.91,0
5864,-76.17,42.08,0
5865,-76.16,58.52,0
5866,-76.15,40.45,0
5867,-76.13,54.03,0
5868,-76.11,43.18,0
5869,-76.1,36.9,0
5870,-76.09,36.62,0
5871,-76.09,67.85,0
5872,-76.08,45.5,0
5873,-76.08,40.63,0
5874,-76.05,44.99,0
5875,-76.03,39.22,0
5876,-76.01,39.45,0
5877,-76.01,40.96,0
5878,-75.99,39.92,0
5879,-75.99,41.16,0
5880,-75.98,38.42,0
5881,-75.98,60.8,0
5882,-75.97,37.17,0
5883,-75.97,45.34,0
5884,-75.97,55.93,0
5885,-75.95,39.74,0
5886,-75.95,45.16,0
5887,-75.94,42.14,0
5888,-75.9,52.47,0
5889,-75.89,40.5,0
5890,-75.89,44.38,0
5891,-75.89,41.34,0
5892,-75.88,44.6,0
5893,-75.85,41.92,0
5894,-75.84,40.31,0
5895,-75.83,39.59,0
5896,-75.82,55.06,0
5897,-75.79,38.99,0
5898,-75.78,45.79,0
5899,-75.78,80.41,0
5900,-75.75,49.33,0
5901,-75.74,38.73,0
5902,-75.72,44.95,0
5903,-75.71,39.91,0
5904,-75.71,41.58,0
5905,-75.71,57.11,0
5906,-75.71,64.84,0
5907,-75.69,45.28,0
5908,-75.67,36,0
5909,-75.67,50.91,0
5910,-75.66,45.63,0
5911,-75.65,45.45,0
5912,-75.63,40.67,0
5913,-75.63,81.75,0
5914,-75.63,48.28,0
5915,-75.62,44.68,0
5916,-75.62,40.24,0
5917,-75.57,38.96,0
5918,-75.57,39.67,0
5919,-75.56,43.31,0
5920,-75.56,41.9,0
5921,-75.52,50.45,0
5922,-75.51,42.68,0
5923,-75.49,45.1,0
5924,-75.48,46.17,0
5925,-75.47,39.26,0
5926,-75.46,40.1,0
5927,-75.44,44.9,0
5928,-75.42,40.34,0
5929,-75.42,41.11,0
5930,-75.39,43.02,0
5931,-75.38,40.64,0
5932,-75.38,45.35,0
5933,-75.34,45.63,0
5934,-75.33,41.59,0
5935,-75.33,59.82,0
5936,-75.32,37.93,0
5937,-75.3,44.6,0
5938,-75.29,39.75,0
5939,-75.25,38.83,0
5940,-75.25,47.25,0
5941,-75.23,40.47,0
5942,-75.23,40.07,0
5943,-75.23,45.21,0
5944,-75.22,39.37,0
5945,-75.21,52.09,0
5946,-75.21,61.42,0
5947,-75.21,70.59,0
5948,-75.2,39.58,0
5949,-75.19,43.99,0
5950,-75.17,40.97,0
5951,-75.16,38.29,0
5952,-75.14,58.9,0
5953,-75.13,40.29,0
5954,-75.1,41.51,0
5955,-75.1,47.1,0
5956,-75.09,40.74,0
5957,-75.05,44.16,0
5958,-75.05,38.47,0
5959,-75.02,45.62,0
5960,-75.02,44.97,0
5961,-75.02,54.18,0
5962,-75.01,40.55,0
5963,-74.99,39.67,0
5964,-74.98,40.04,0
5965,-74.98,70.02,0
5966,-74.94,38.94,0
5967,-74.94,45.39,0
5968,-74.93,43.26,0
5969,-74.87,42.98,0
5970,-74.87,41.66,0
5971,-74.85,40.75,0
5972,-74.84,42.54,0
5973,-74.81,39.9,0
5974,-74.75,41.23,0
5975,-74.75,45.02,0
5976,-74.75,57.27,0
5977,-74.74,40.95,0
5978,-74.73,39.08,0
5979,-74.73,40.29,0
5980,-74.72,80.89,0
5981,-74.72,57.91,0
5982,-74.72,56.43,0
5983,-74.71,41.98,0
5984,-74.71,40.47,0
5985,-74.7,39.41,0
5986,-74.64,45.65,0
5987,-74.64,53.5,0
5988,-74.64,60.54,0
5989,-74.63,45.21,0
5990,-74.58,39.98,0
5991,-74.57,55.3,0
5992,-74.56,51.06,0
5993,-74.53,48.24,0
5994,-74.53,49.65,0
5995,-74.52,40.7,0
5996,-74.52,40.22,0
5997,-74.49,40.42,0
5998,-74.49,52.62,0
5999,-74.48,40.93,0
6000,-74.47,46.12,0
6001,-74.45,43.47,0
6002,-74.45,39.83,0
6003,-74.44,41.19,0
6004,-74.42,45.55,0
6005,-74.41,69.26,0
6006,-74.37,39.6,0
6007,-74.33,41.39,0
6008,-74.33,58.83,0
6009,-74.29,40.59,0
6010,-74.29,45.89,0
6011,-74.27,44.85,0
6012,-74.22,70.4,0
6013,-74.18,40.74,0
6014,-74.18,45.27,0
6015,-74.15,44.35,0
6016,-74.15,42.95,0
6017,-74.14,42.23,0
6018,-74.13,41.75,0
6019,-74.11,42.72,0
6020,-74.11,82.58,0
6021,-74.09,45.47,0
6022,-74.09,39.8,0
6023,-74.08,41.4,0
6024,-74.08,40.04,0
6025,-74.08,40.23,0
6026,-74.07,61.61,0
6027,-74.07,59.74,0
6028,-73.99,43.65,0
6029,-73.99,47.94,0
6030,-73.96,40.96,0
6031,-73.96,81.78,0
6032,-73.93,40.6,0
6033,-73.91,45.84,0
6034,-73.84,41.91,0
6035,-73.84,42.7,0
6036,-73.84,49.23,0
6037,-73.83,42.89,0
6038,-73.78,45.34,0
6039,-73.71,45.52,0
6040,-73.71,42.11,0
6041,-73.71,46.01,0
6042,-73.7,40.7,0
6043,-73.7,41.18,0
6044,-73.69,54.79,0
6045,-73.66,43.58,0
6046,-73.63,42.34,0
6047,-73.61,43.38,0
6048,-73.61,80.64,0
6049,-73.59,44.57,0
6050,-73.58,41.33,0
6051,-73.57,60.54,0
6052,-73.57,50.64,0
6053,-73.54,45.25,0
6054,-73.54,44.74,0
6055,-73.54,51.74,0
6056,-73.53,40.83,0
6057,-73.51,41.68,0
6058,-73.5,42.52,0
6059,-73.5,65.03,0
6060,-73.46,45.7,0
6061,-73.46,58.03,0
6062,-73.42,56.5,0
6063,-73.42,59.63,0
6064,-73.41,42.12,0
6065,-73.4,41.9,0
6066,-73.39,52.95,0
6067,-73.38,69.68,0
6068,-73.38,61.8,0
6069,-73.37,45.48,0
6070,-73.31,43.79,0
6071,-73.3,41.12,0
6072,-73.27,70.55,0
6073,-73.26,42.47,0
6074,-73.24,44.33,0
6075,-73.24,41.48,0
6076,-73.23,66.06,0
6077,-73.23,47.14,0
6078,-73.21,43.96,0
6079,-73.19,45.97,0
6080,-73.19,42.71,0
6081,-73.19,53.72,0
6082,-73.18,43.27,0
6083,-73.18,43.51,0
6084,-73.18,43.02,0
6085,-73.17,40.7,0
6086,-73.17,44.96,0
6087,-73.15,41.3,0
6088,-73.14,42.03,0
6089,-73.14,44.16,0
6090,-73.08,44.5,0
6091,-73.08,81.52,0
6092,-73.07,43.71,0
6093,-73.06,41.67,0
6094,-73.04,40.86,0
6095,-73.04,55.25,0
6096,-73.01,44.7,0
6097,-72.97,48.05,0
6098,-72.97,61.03,0
6099,-72.95,42.91,0
6100,-72.93,42.34,0
6101,-72.93,80.07,0
6102,-72.92,44.34,0
6103,-72.92,43.52,0
6104,-72.88,42.56,0
6105,-72.85,40.96,0
6106,-72.85,57.38,0
6107,-72.84,41.34,0
6108,-72.84,44.51,0
6109,-72.84,41.72,0
6110,-72.84,50.35,0
6111,-72.83,44.17,0
6112,-72.83,41.52,0
6113,-72.81,45.09,0
6114,-72.81,65.3,0
6115,-72.8,43.21,0
6116,-72.69,44.89,0
6117,-72.66,43.92,0
6118,-72.66,43.07,0
6119,-72.66,43.59,0
6120,-72.66,69.26,0
6121,-72.64,42.74,0
6122,-72.63,44.6,0
6123,-72.62,42.28,0
6124,-72.62,45.44,0
6125,-72.62,64.73,0
6126,-72.6,42.46,0
6127,-72.58,42.11,0
6128,-72.58,59.17,0
6129,-72.57,44.31,0
6130,-72.56,41.84,0
6131,-72.55,41.37,0
6132,-72.48,44.14,0
6133,-72.47,49.46,0
6134,-72.39,44.48,0
6135,-72.39,45.05,0
6136,-72.39,43.49,0
6137,-72.39,60.43,0
6138,-72.39,81.86,0
6139,-72.36,43.08,0
6140,-72.33,42.16,0
6141,-72.32,41.98,0
6142,-72.32,41.77,0
6143,-72.31,42.47,0
6144,-72.29,45.78,0
6145,-72.29,56.24,0
6146,-72.28,46.53,0
6147,-72.25,45.35,0
6148,-72.25,43.66,0
6149,-72.24,58.22,0
6150,-72.22,44.91,0
6151,-72.21,44.63,0
6152,-72.19,41.18,0
6153,-72.17,51.29,0
6154,-72.17,66.21,0
6155,-72.16,42.92,0
6156,-72.16,44.09,0
6157,-72.14,43.83,0
6158,-72.13,47.9,0
6159,-72.11,42.66,0
6160,-72.1,42.21,0
6161,-72.09,52.32,0
6162,-72.09,60.84,0
6163,-72.08,41.78,0
6164,-72.06,41.44,0
6165,-72.05,54.49,0
6166,-72.05,69.83,0
6167,-72.03,44.79,0
6168,-72.03,42.39,0
6169,-71.98,41.27,0
6170,-71.98,44.43,0
6171,-71.98,43.39,0
6172,-71.93,45.18,0
6173,-71.9,44.96,0
6174,-71.9,82.51,0
6175,-71.89,45.35,0
6176,-71.88,43.65,0
6177,-71.86,42.77,0
6178,-71.84,43.04,0
6179,-71.82,68.72,0
6180,-71.82,65.51,0
6181,-71.81,41.49,0
6182,-71.79,42.29,0
6183,-71.74,42.07,0
6184,-71.71,50.11,0
6185,-71.71,57.42,0
6186,-71.7,44.77,0
6187,-71.7,43.41,0
6188,-71.69,42.45,0
6189,-71.68,43.76,0
6190,-71.67,48.7,0
6191,-71.64,48.52,0
6192,-71.57,42.61,0
6193,-71.56,41.69,0
6194,-71.54,43.01,0
6195,-71.53,46.72,0
6196,-71.51,59.78,0
6197,-71.5,42.18,0
6198,-71.5,41.45,0
6199,-71.49,43.21,0
6200,-71.48,67.13,0
6201,-71.47,45.34,0
6202,-71.46,42.38,0
6203,-71.44,47.12,0
6204,-71.41,41.94,0
6205,-71.4,80.98,0
6206,-71.35,41.76,0
6207,-71.34,42.65,0
6208,-71.29,46.11,0
6209,-71.29,53.38,0
6210,-71.26,42.82,0
6211,-71.25,48.25,0
6212,-71.25,43.39,0
6213,-71.24,46.79,0
6214,-71.24,43.72,0
6215,-71.21,43.05,0
6216,-71.21,44.34,0
6217,-71.21,48.46,0
6218,-71.21,56.58,0
6219,-71.18,68.08,0
6220,-71.16,42.46,0
6221,-71.14,64.16,0
6222,-71.13,42,0
6223,-71.07,41.53,0
6224,-71.06,55.1,0
6225,-71.04,42.93,0
6226,-71.04,43.54,0
6227,-71.03,43.26,0
6228,-71.02,55.82,0
6229,-71.01,44.94,0
6230,-70.92,42.27,0
6231,-70.91,60.58,0
6232,-70.9,42.48,0
6233,-70.88,44.47,0
6234,-70.88,51.14,0
6235,-70.84,42.05,0
6236,-70.83,42.65,0
6237,-70.8,41.74,0
6238,-70.76,52.47,0
6239,-70.74,43.09,0
6240,-70.72,49.54,0
6241,-70.72,58.14,0
6242,-70.7,43.88,0
6243,-70.68,54.26,0
6244,-70.64,41.55,0
6245,-70.64,59.24,0
6246,-70.61,65.98,0
6247,-70.61,47.14,0
6248,-70.61,66.9,0
6249,-70.56,82.07,0
6250,-70.54,43.34,0
6251,-70.51,41.78,0
6252,-70.45,53.42,0
6253,-70.43,53.52,0
6254,-70.43,53.62,0
6255,-70.42,53.44,0
6256,-70.42,53.32,0
6257,-70.41,53.42,0
6258,-70.4,45.52,0
6259,-70.38,69.64,0
6260,-70.37,69.44,0
6261,-70.36,44.47,0
6262,-70.35,43.43,0
6263,-70.34,44.43,0
6264,-70.33,56.79,0
6265,-70.25,43.68,0
6266,-70.21,44.08,0
6267,-70.21,41.72,0
6268,-70.18,41.29,0
6269,-70.15,48.28,0
6270,-70.09,64.88,0
6271,-70.06,42.04,0
6272,-70,44.44,0
6273,-70,63.66,0
6274,-69.98,43.97,0
6275,-69.96,41.82,0
6276,-69.96,44.82,0
6277,-69.95,47.82,0
6278,-69.95,51.82,0
6279,-69.93,41.72,0
6280,-69.92,40.72,0
6281,-69.9,53.72,0
6282,-69.88,44.93,0
6283,-69.88,56.12,0
6284,-69.86,67.39,0
6285,-69.85,47.34,0
6286,-69.84,55.34,0
6287,-69.83,57.6,0
6288,-69.8,55.34,0
6289,-69.81,57.34,0
6290,-69.77,44.36,0
6291,-69.77,52.58,0
6292,-69.76,42.58,0
6293,-69.75,52.47,0
6294,-69.74,62.58,0
6295,-69.73,55.58,0
6296,-69.72,55.78,0
6297,-69.7,58.58,0
6298,-69.69,49.69,0
6299,-69.62,44.56,0
6300,-69.62,54.87,0
6301,-69.58,44.24,0
6302,-69.58,51.21,0
6303,-69.56,47.86,0
6304,-69.54,54.07,0
6305,-69.5,46.61,0
6306,-69.42,65.91,0
6307,-69.41,44.84,0
6308,-69.4,44.45,0
6309,-69.39,58.18,0
6310,-69.32,45.67,0
6311,-69.31,48.74,0
6312,-69.23,56.96,0
6313,-69.2,64.61,0
6314,-69.19,44.68,0
6315,-69.18,44.34,0
6316,-69.16,68.38,0
6317,-69.11,44.15,0
6318,-69.04,52.32,0
6319,-69.04,56.69,0
6320,-68.82,55.4,0
6321,-68.76,49.96,0
6322,-68.74,44.86,0
6323,-68.74,47.23,0
6324,-68.74,46.38,0
6325,-68.72,44.42,0
6326,-68.7,66.86,0
6327,-68.52,44.97,0
6328,-68.43,48.55,0
6329,-68.4,64.61,0
6330,-68.36,53.69,0
6331,-68.32,56.92,0
6332,-68.26,44.37,0
6333,-68.24,45.54,0
6334,-68.24,49.46,0
6335,-68.13,52.13,0
6336,-68.09,67.7,0
6337,-67.98,51.21,0
6338,-67.94,54.49,0
6339,-67.93,44.46,0
6340,-67.86,50.53,0
6341,-67.6,57.46,0
6342,-67.56,46.08,0
6343,-67.56,47.94,0
6344,-67.51,44.72,0
6345,-67.29,55.78,0
6346,-67.29,51.33,0
6347,-67.27,45.21,0
6348,-67.14,48.78,0
6349,-67.14,67.24,0
6350,-67.11,45.94,0
6351,-67.06,47.14,0
6352,-67.05,44.96,0
6353,-67.03,52.79,0
6354,-67.03,54.07,0
6355,-67.03,49.99,0
6356,-66.99,56.85,0
6357,-66.91,54.9,0
6358,-66.91,64.31,0
6359,-66.83,45.17,0
6360,-66.72,82.24,0
6361,-66.72,51.9,0
6362,-66.62,45.96,0
6363,-66.61,46.2,0
6364,-66.57,56.2,0
6365,-66.55,45.55,0
6366,-66.46,46.87,0
6367,-66.34,57.38,0
6368,-66.25,50.43,0
6369,-66.07,49.31,0
6370,-66.01,55.46,0
6371,-65.98,45.44,0
6372,-65.81,52.24,0
6373,-65.69,56.69,0
6374,-65.67,47.63,0
6375,-65.66,53.23,0
6376,-65.58,47.01,0
6377,-65.54,46.05,0
6378,-65.54,57.87,0
6379,-65.54,67.05,0
6380,-65.51,44.74,0
6381,-65.39,54.45,0
6382,-65.35,48.81,0
6383,-65.31,51.67,0
6384,-65.24,52.85,0
6385,-65.13,46.85,0
6386,-65.12,57.07,0
6387,-65.01,50.3,0
6388,-64.95,45.6,0
6389,-64.89,82.2,0
6390,-64.87,46.67,0
6391,-64.81,44.62,0
6392,-64.74,56.12,0
6393,-64.7,59.21,0
6394,-64.69,46.09,0
6395,-64.61,46.33,0
6396,-64.55,44.43,0
6397,-64.52,58.36,0
6398,-64.39,46.66,0
6399,-64.36,53.31,0
6400,-64.33,45.04,0
6401,-64.29,54.56,0
6402,-64.06,45.39,0
6403,-64.02,53.72,0
6404,-64.02,56.69,0
6405,-64.01,45.01,0
6406,-63.98,46.42,0
6407,-63.9,57.49,0
6408,-63.89,52.55,0
6409,-63.87,51.48,0
6410,-63.79,66.44,0
6411,-63.46,44.7,0
6412,-63.37,46.37,0
6413,-63.37,56.28,0
6414,-63.26,45.37,0
6415,-63.25,45.07,0
6416,-63.23,46.16,0
6417,-63.14,51.21,0
6418,-63.13,45.05,0
6419,-63.07,57.15,0
6420,-63.03,53.5,0
6421,-62.99,55.63,0
6422,-62.95,54.9,0
6423,-62.9,46.42,0
6424,-62.72,46.27,0
6425,-62.65,52.73,0
6426,-62.63,54.28,0
6427,-62.61,46.06,0
6428,-62.43,45.57,0
6429,-62.12,51.29,0
6430,-62.09,45.59,0
6431,-62.04,52.16,0
6432,-61.81,45.59,0
6433,-61.81,55.21,0
6434,-61.7,53.38,0
6435,-61.41,46.19,0
6436,-61.3,51.3,0
6437,-61.28,54.33,0
6438,-60.93,52.89,0
6439,-60.79,45.96,0
6440,-60.52,51.67,0
6441,-60.29,46.26,0
6442,-60.29,54.3,0
6443,-59.98,52.81,0
6444,-59.78,50.81,0
6445,-59.64,51.25,0
6446,-59.34,52.4,0
6447,-59.25,62.7,0
6448,-59.04,62.44,0
6449,-58.8,43.33,0
6450,-58.67,52.27,0
6451,-58.63,63.26,0
6452,-58.5,53.27,0
6453,-58.4,53.67,0
6454,-58.36,57.22,0
6455,-58.08,52.05,0
6456,-57.85,48.58,0
6457,-57.66,52.58,0
6458,-57.01,53.19,0
6459,-56.9,52.16,0
6460,-56.86,50.37,0
6461,-56.75,48.63,0
6462,-55.99,48.47,0
6463,-54.84,48.66,0
6464,-165.81,65.65,0
6465,-165.23,61.7,0
6466,-165.17,68.4,0
6467,-164.95,64.45,0
6468,-164.93,65.45,0
6469,-164.88,65.35,0
6470,-164.73,62,0
6471,-164.66,61.25,0
6472,-164.57,66.17,0
6473,-164.5,62.63,0
6474,-164.32,65.83,0
6475,-164.23,65.69,0
6476,-164.05,61.77,0
6477,-163.9,65.43,0
6478,-163.82,68.03,0
6479,-163.71,62.36,0
6480,-163.59,60.23,0
6481,-163.46,62.75,0
6482,-163.41,68.52,0
6483,-163.21,65.67,0
6484,-163.14,61.89,0
6485,-162.97,68.1,0
6486,-162.91,67.46,0
6487,-162.85,62.7,0
6488,-162.76,60.41,0
6489,-162.69,68.34,0
6490,-162.57,65.42,0
6491,-162.55,62.32,0
6492,-162.53,60.87,0
6493,-162.51,64.83,0
6494,-162.48,69.59,0
6495,-162.38,61.88,0
6496,-162.3,61.25,0
6497,-162.23,68.05,0
6498,-162.19,68.93,0
6499,-162.08,65.48,0
6500,-162.01,65.76,0
6501,-161.76,59.82,0
6502,-161.71,62.45,0
6503,-161.67,68.55,0
6504,-161.66,67.17,0
6505,-161.62,69.23,0
6506,-161.53,61.41,0
6507,-161.49,68.89,0
6508,-161.41,69.71,0
6509,-161.4,67.8,0
6510,-161.37,65.78,0
6511,-161.35,65.38,0
6512,-161.24,69.16,0
6513,-161.11,62.39,0
6514,-161.01,67.19,0
6515,-160.97,59.44,0
6516,-160.85,65.6,0
6517,-160.83,60.57,0
6518,-160.81,69.03,0
6519,-160.69,61.82,0
6520,-160.63,60.07,0
6521,-160.6,62.77,0
6522,-160.56,64.29,0
6523,-160.51,68.25,0
6524,-160.49,64.97,0
6525,-160.47,60.66,0
6526,-160.44,69.66,0
6527,-160.39,67.13,0
6528,-160.38,61.43,0
6529,-160.31,59.55,0
6530,-160.29,62.48,0
6531,-160.26,63.9,0
6532,-160.24,65.19,0
6533,-160.22,62.05,0
6534,-160.1,67.51,0
6535,-160.04,63.2,0
6536,-159.97,64.11,0
6537,-159.9,59.3,0
6538,-159.88,60.48,0
6539,-159.76,65.1,0
6540,-159.74,65.94,0
6541,-159.67,67.97,0
6542,-159.63,63.61,0
6543,-159.5,69.03,0
6544,-159.43,60.62,0
6545,-159.36,59.8,0
6546,-159.25,66.79,0
6547,-159.23,62.37,0
6548,-159.22,61.37,0
6549,-159.18,69.43,0
6550,-159.02,64.72,0
6551,-158.95,63.9,0
6552,-158.93,62.82,0
6553,-158.9,59.98,0
6554,-158.78,65.48,0
6555,-158.77,61.93,0
6556,-158.75,59.44,0
6557,-158.68,66.73,0
6558,-158.66,68.18,0
6559,-158.65,63.68,0
6560,-158.63,62.34,0
6561,-158.61,70.47,0
6562,-158.57,64.55,0
6563,-158.52,59.92,0
6564,-158.52,59.92,0
6565,-158.47,60.39,0
6566,-158.44,67.25,0
6567,-158.41,66.19,0
6568,-158.36,61.24,0
6569,-158.29,68.77,0
6570,-158.22,61.93,0
6571,-158.15,64.08,0
6572,-158.11,69.58,0
6573,-158.02,67.91,0
6574,-157.98,64.76,0
6575,-157.94,67.42,0
6576,-157.91,68.23,0
6577,-157.82,69.52,0
6578,-157.81,70.13,0
6579,-157.79,60.73,0
6580,-157.73,62.68,0
6581,-157.68,63.83,0
6582,-157.59,66.92,0
6583,-157.56,63.57,0
6584,-157.45,66.44,0
6585,-157.43,67.8,0
6586,-157.41,59.87,0
6587,-157.36,64.81,0
6588,-157.34,70.47,0
6589,-157.26,65.9,0
6590,-157.25,60.87,0
6591,-157.16,69.7,0
6592,-156.98,70.2,0
6593,-156.96,60.36,0
6594,-156.93,66.24,0
6595,-156.84,70.56,0
6596,-156.77,68.41,0
6597,-156.75,70.13,0
6598,-156.71,65.56,0
6599,-156.67,62.94,0
6600,-156.66,69.48,0
6601,-156.62,64.79,0
6602,-156.58,64.38,0
6603,-156.57,68.84,0
6604,-156.54,67.76,0
6605,-156.53,59.87,0
6606,-156.46,66.28,0
6607,-156.39,59.26,0
6608,-156.37,66.87,0
6609,-156.33,62.34,0
6610,-156.29,69.54,0
6611,-156.2,63.28,0
6612,-156.14,70.47,0
6613,-156.09,63.97,0
6614,-156.07,67.63,0
6615,-156.05,58.37,0
6616,-156.03,64.74,0
6617,-155.95,60.4,0
6618,-155.94,69.84,0
6619,-155.87,63.72,0
6620,-155.82,68.5,0
6621,-155.78,65.19,0
6622,-155.71,59.08,0
6623,-155.69,58.49,0
6624,-155.64,70.45,0
6625,-155.61,64.59,0
6626,-155.57,62.82,0
6627,-155.53,65.62,0
6628,-155.52,61.12,0
6629,-155.48,69.45,0
6630,-155.44,64.04,0
6631,-155.37,62.23,0
6632,-155.36,68.82,0
6633,-155.28,61.77,0
6634,-155.27,58.66,0
6635,-155.26,59.51,0
6636,-155.1,62.98,0
6637,-155.05,63.74,0
6638,-155.01,67.26,0
6639,-154.97,69.45,0
6640,-154.96,67.64,0
6641,-154.93,68.35,0
6642,-154.92,60.5,0
6643,-154.89,70.55,0
6644,-154.85,63.49,0
6645,-154.81,64.33,0
6646,-154.8,63.9,0
6647,-154.76,67.04,0
6648,-154.69,70.04,0
6649,-154.62,68.93,0
6650,-154.58,62.43,0
6651,-154.55,61.95,0
6652,-154.53,64.92,0
6653,-154.46,65.78,0
6654,-154.37,59.94,0
6655,-154.33,65.53,0
6656,-154.3,67.55,0
6657,-154.26,62.54,0
6658,-154.24,69.43,0
6659,-154.1,66.33,0
6660,-154.08,63.72,0
6661,-153.99,63.38,0
6662,-153.96,66.75,0
6663,-153.9,67.8,0
6664,-153.87,68.37,0
6665,-153.83,65.24,0
6666,-153.79,61.54,0
6667,-153.72,60.32,0
6668,-153.66,60.99,0
6669,-153.62,64.33,0
6670,-153.6,67.1,0
6671,-153.58,62.84,0
6672,-153.42,61.23,0
6673,-153.41,63.87,0
6674,-153.35,69.97,0
6675,-153.26,66.19,0
6676,-153.24,62.14,0
6677,-153.2,64.5,0
6678,-153.15,69.32,0
6679,-153.06,65.19,0
6680,-153.04,64.02,0
6681,-153.01,67.87,0
6682,-152.82,69.07,0
6683,-152.74,67.23,0
6684,-152.65,63.77,0
6685,-152.63,62.86,0
6686,-152.56,69.84,0
6687,-152.54,64.67,0
6688,-152.42,64.27,0
6689,-152.39,63.32,0
6690,-152.35,68.44,0
6691,-152.27,67.51,0
6692,-152.24,65.33,0
6693,-152.22,62.04,0
6694,-152.17,66.58,0
6695,-152.14,69.75,0
6696,-152.1,65.98,0
6697,-151.99,65.76,0
6698,-151.88,64.65,0
6699,-151.81,68.34,0
6700,-151.7,67.3,0
6701,-151.65,61.57,0
6702,-151.54,63.99,0
6703,-151.46,69.83,0
6704,-151.45,66.64,0
6705,-151.42,63.4,0
6706,-151.38,67.63,0
6707,-151.34,64.88,0
6708,-151.29,69.28,0
6709,-151.17,62.26,0
6710,-151.13,67.26,0
6711,-151.12,65.31,0
6712,-151.11,69.09,0
6713,-151.04,65.9,0
6714,-150.83,63.36,0
6715,-150.79,62.18,0
6716,-150.75,69.73,0
6717,-150.74,66.53,0
6718,-150.72,63.79,0
6719,-150.66,68.44,0
6720,-150.62,60.31,0
6721,-150.59,67.28,0
6722,-150.57,67.55,0
6723,-150.5,64.67,0
6724,-150.49,64.33,0
6725,-150.45,70.22,0
6726,-150.34,65.06,0
6727,-150.27,68.91,0
6728,-150.25,63.36,0
6729,-150.19,66.07,0
6730,-150.15,61.84,0
6731,-150.07,62.56,0
6732,-149.93,62.23,0
6733,-149.91,68.46,0
6734,-149.89,67.53,0
6735,-149.86,68.03,0
6736,-149.85,63.49,0
6737,-149.73,64.45,0
6738,-149.6,60.52,0
6739,-149.47,65.52,0
6740,-149.43,63.87,0
6741,-149.32,68.62,0
6742,-149.22,66.49,0
6743,-149.21,67.1,0
6744,-149.12,62.27,0
6745,-149.09,61.33,0
6746,-148.96,65.35,0
6747,-148.84,64.21,0
6748,-148.82,69.27,0
6749,-148.75,68.23,0
6750,-148.67,63.11,0
6751,-148.63,68.9,0
6752,-148.62,62.36,0
6753,-148.54,65.01,0
6754,-148.48,61.98,0
6755,-148.41,66.71,0
6756,-148.37,61.5,0
6757,-148.33,65.39,0
6758,-148.32,65.94,0
6759,-148.29,64.16,0
6760,-148.26,69.5,0
6761,-148.16,67.76,0
6762,-148.01,63.2,0
6763,-147.99,67.34,0
6764,-147.89,66.6,0
6765,-147.82,68.86,0
6766,-147.78,69.5,0
6767,-147.73,65.08,0
6768,-147.67,64.06,0
6769,-147.65,62.94,0
6770,-147.6,68.59,0
6771,-147.48,65.18,0
6772,-147.46,62.63,0
6773,-147.39,66.19,0
6774,-147.23,64.42,0
6775,-147.17,65.65,0
6776,-147.08,67.21,0
6777,-147.05,67.87,0
6778,-147.01,65.22,0
6779,-146.99,63.29,0
6780,-146.98,69.62,0
6781,-146.83,63.86,0
6782,-146.81,68.18,0
6783,-146.68,67.68,0
6784,-146.64,64.76,0
6785,-146.6,67.21,0
6786,-146.58,64.47,0
6787,-146.55,68.78,0
6788,-146.43,69.24,0
6789,-146.42,65.4,0
6790,-146.28,65.96,0
6791,-146.21,68.27,0
6792,-146.19,68.66,0
6793,-146.13,67.57,0
6794,-146.09,65.26,0
6795,-146.03,63.74,0
6796,-145.92,62.04,0
6797,-145.88,69.62,0
6798,-145.79,67.78,0
6799,-145.75,65.81,0
6800,-145.74,61.14,0
6801,-145.65,68.68,0
6802,-145.58,66.94,0
6803,-145.5,68.06,0
6804,-145.45,60.73,0
6805,-145.41,67.25,0
6806,-145.37,64.67,0
6807,-145.33,66.24,0
6808,-145.31,64.17,0
6809,-145.22,62.88,0
6810,-145.13,65.58,0
6811,-145.07,60.86,0
6812,-144.99,63.52,0
6813,-144.95,64.49,0
6814,-144.86,65.35,0
6815,-144.83,68.21,0
6816,-144.82,67.55,0
6817,-144.81,66.58,0
6818,-144.78,62.13,0
6819,-144.74,61.39,0
6820,-144.69,63.91,0
6821,-144.65,69,0
6822,-144.56,64.5,0
6823,-144.49,64.74,0
6824,-144.38,62.38,0
6825,-144.36,60.73,0
6826,-144.35,66.91,0
6827,-144.31,65.58,0
6828,-144.27,66.58,0
6829,-144.22,67.48,0
6830,-144.15,61.3,0
6831,-144.13,63.4,0
6832,-144.06,62.94,0
6833,-144.02,69.75,0
6834,-144.01,65.22,0
6835,-143.97,67.8,0
6836,-143.95,64.67,0
6837,-143.89,64.38,0
6838,-143.84,68.75,0
6839,-143.8,62.43,0
6840,-143.63,64.94,0
6841,-143.61,67.37,0
6842,-143.59,69.41,0
6843,-143.52,61.25,0
6844,-143.5,63.22,0
6845,-143.45,62.16,0
6846,-143.38,65.81,0
6847,-143.34,66.64,0
6848,-143.27,61.66,0
6849,-143.25,65.49,0
6850,-143.21,63.49,0
6851,-143.04,62.43,0
6852,-143.02,65.38,0
6853,-143,63,0
6854,-142.96,67.04,0
6855,-142.89,65.96,0
6856,-142.79,66.6,0
6857,-142.75,64.4,0
6858,-142.7,69.54,0
6859,-142.68,68.05,0
6860,-142.64,63.22,0
6861,-142.59,65.44,0
6862,-142.58,67.47,0
6863,-142.45,66.11,0
6864,-142.43,67.03,0
6865,-142.41,64.04,0
6866,-142.32,63.49,0
6867,-142.3,62.43,0
6868,-142.28,65.35,0
6869,-142.24,68.18,0
6870,-142.16,65.72,0
6871,-142.14,67.73,0
6872,-142.12,69.63,0
6873,-142.05,67.3,0
6874,-142.02,68.82,0
6875,-141.98,65.14,0
6876,-141.87,66.19,0
6877,-141.82,68.32,0
6878,-141.73,67.82,0
6879,-141.71,62.75,0
6880,-141.64,67.34,0
6881,-141.62,62.32,0
6882,-141.55,63.29,0
6883,-141.53,66.69,0
6884,-141.5,68.64,0
6885,-141.44,63.86,0
6886,-141.37,68.39,0
6887,-141.31,68.99,0
6888,-141.28,66.39,0
6889,-141.23,65.4,0
6890,-141.19,69.3,0
6891,-141.18,65.98,0
6892,-141.14,67.75,0
6893,-141.05,67.04,0
6894,-140.98,65.56,0
6895,-140.87,67.53,0
6896,-140.85,66.87,0
6897,-140.84,68.65,0
6898,-140.8,68.18,0
6899,-140.76,64.76,0
6900,-140.71,65.26,0
6901,-140.67,64.12,0
6902,-140.63,62.51,0
6903,-140.6,69.07,0
6904,-140.57,67.28,0
6905,-140.51,68.75,0
6906,-140.42,61.75,0
6907,-140.19,66.21,0
6908,-140.14,67.39,0
6909,-140.1,62.34,0
6910,-140.08,61.54,0
6911,-140.01,64.15,0
6912,-139.91,67.08,0
6913,-139.89,64.74,0
6914,-139.78,63.44,0
6915,-139.74,66.15,0
6916,-139.66,66.7,0
6917,-139.56,61.86,0
6918,-139.44,68.35,0
6919,-139.42,63.18,0
6920,-139.4,65.65,0
6921,-139.36,64.97,0
6922,-139.28,69.09,0
6923,-139.19,62.22,0
6924,-139.15,68.41,0
6925,-139.12,66.37,0
6926,-139.11,67.51,0
6927,-139.03,63.72,0
6928,-139.01,64.61,0
6929,-138.94,61.8,0
6930,-138.68,65.81,0
6931,-138.67,62.34,0
6932,-138.64,64.25,0
6933,-138.6,67.12,0
6934,-138.54,67.78,0
6935,-138.47,62.68,0
6936,-138.44,61.52,0
6937,-138.35,65.44,0
6938,-138.22,66.87,0
6939,-138.15,68.25,0
6940,-138.09,65.01,0
6941,-138.08,63.68,0
6942,-138.05,67.59,0
6943,-138.04,62.25,0
6944,-138.01,62.68,0
6945,-137.92,66.07,0
6946,-137.83,65.51,0
6947,-137.79,62.02,0
6948,-137.77,64.54,0
6949,-137.65,63.04,0
6950,-137.62,68.18,0
6951,-137.56,68.5,0
6952,-137.52,61.18,0
6953,-137.47,66.1,0
6954,-137.46,63.7,0
6955,-137.45,60.55,0
6956,-137.43,62.48,0
6957,-137.37,67.47,0
6958,-137.33,65.18,0
6959,-137.29,63.22,0
6960,-137.16,65.98,0
6961,-137.12,64.67,0
6962,-137.04,66.76,0
6963,-136.97,65.53,0
6964,-136.88,59.39,0
6965,-136.86,62.3,0
6966,-136.84,60.75,0
6967,-136.82,67.21,0
6968,-136.79,60.28,0
6969,-136.75,61.23,0
6970,-136.72,62.82,0
6971,-136.65,63.53,0
6972,-136.52,61.5,0
6973,-136.5,62.07,0
6974,-136.48,59.42,0
6975,-136.45,67.3,0
6976,-136.4,68.4,0
6977,-136.27,60.06,0
6978,-136.23,65.86,0
6979,-136.22,59.3,0
6980,-136.2,64.4,0
6981,-136.09,66.3,0
6982,-136.06,64.71,0
6983,-136.02,62.25,0
6984,-135.91,61.5,0
6985,-135.89,66.87,0
6986,-135.85,64.63,0
6987,-135.84,60.69,0
6988,-135.72,61.24,0
6989,-135.7,59.73,0
6990,-135.68,63.81,0
6991,-135.61,61.84,0
6992,-135.59,68.52,0
6993,-135.47,59.47,0
6994,-135.38,67.34,0
6995,-135.34,66.79,0
6996,-135.25,65.94,0
6997,-135.21,64.33,0
6998,-135.2,61.21,0
6999,-135.17,63.44,0
7000,-135.16,59.98,0
7001,-135.14,67.82,0
7002,-135.11,67.6,0
7003,-134.98,68.3,0
7004,-134.84,61.77,0
7005,-134.75,62.57,0
7006,-134.71,59.76,0
7007,-134.62,67.14,0
7008,-134.58,68.44,0
7009,-134.45,61.71,0
7010,-134.41,64.5,0
7011,-134.39,60.75,0
7012,-134.37,63.11,0
7013,-134.28,62.47,0
7014,-134.11,65.39,0
7015,-134.07,63.02,0
7016,-134.05,61.46,0
7017,-134.03,59.89,0
7018,-133.98,63.53,0
7019,-133.86,64.71,0
7020,-133.8,66.44,0
7021,-133.78,62.27,0
7022,-133.73,68.99,0
7023,-133.6,62.77,0
7024,-133.43,65.6,0
7025,-133.42,60.14,0
7026,-133.39,60.91,0
7027,-133.3,63.31,0
7028,-133.21,67.84,0
7029,-133.19,64.47,0
7030,-133.14,59.85,0
7031,-133.01,65.18,0
7032,-132.8,67.17,0
7033,-132.76,62.2,0
7034,-132.69,63.47,0
7035,-132.58,59.24,0
7036,-132.49,64.72,0
7037,-132.4,65.33,0
7038,-132.38,65.1,0
7039,-132.3,68.75,0
7040,-132.19,59.69,0
7041,-132.17,61.43,0
7042,-132.15,62.75,0
7043,-132.08,63.56,0
7044,-132.06,58.92,0
7045,-131.95,62.3,0
7046,-131.83,63.18,0
7047,-131.78,61.86,0
7048,-131.74,60.31,0
7049,-131.7,64.38,0
7050,-131.66,63.66,0
7051,-131.62,69.03,0
7052,-131.57,57.65,0
7053,-131.53,65.06,0
7054,-131.49,58.49,0
7055,-131.42,57.01,0
7056,-131.4,66.83,0
7057,-131.31,62.45,0
7058,-131.24,61.16,0
7059,-131.23,65.48,0
7060,-131.19,64.72,0
7061,-131.13,57.58,0
7062,-131.07,68.57,0
7063,-130.99,58.1,0
7064,-130.85,56.7,0
7065,-130.83,58.65,0
7066,-130.81,59.42,0
7067,-130.79,61.48,0
7068,-130.77,56.5,0
7069,-130.76,63.18,0
7070,-130.63,58.83,0
7071,-130.58,59.89,0
7072,-130.49,56.97,0
7073,-130.43,64.8,0
7074,-130.42,57.45,0
7075,-130.39,64.04,0
7076,-130.35,61.46,0
7077,-130.33,58.1,0
7078,-130.29,61.84,0
7079,-130.27,59.78,0
7080,-130.22,63.65,0
7081,-130.13,64.24,0
7082,-130.11,65.01,0
7083,-130.05,57.61,0
7084,-130.01,67.72,0
7085,-129.97,69.05,0
7086,-129.95,67.26,0
7087,-129.93,58.83,0
7088,-129.9,56.88,0
7089,-129.88,63.4,0
7090,-129.84,62.22,0
7091,-129.8,56.42,0
7092,-129.79,68.46,0
7093,-129.75,58.2,0
7094,-129.67,60.91,0
7095,-129.65,69.41,0
7096,-129.61,66.58,0
7097,-129.58,60.31,0
7098,-129.56,56.06,0
7099,-129.54,62.88,0
7100,-129.52,67.53,0
7101,-129.5,63.91,0
7102,-129.38,64.63,0
7103,-129.36,56.72,0
7104,-129.25,69.36,0
7105,-129.22,55.56,0
7106,-129.2,54.6,0
7107,-129.18,58.53,0
7108,-129.16,57.2,0
7109,-129.13,60.1,0
7110,-129.12,61.75,0
7111,-129.11,57.9,0
7112,-129.06,63.77,0
7113,-129.04,68.46,0
7114,-128.99,58.92,0
7115,-128.97,64.38,0
7116,-128.95,60.62,0
7117,-128.91,61.16,0
7118,-128.86,69.07,0
7119,-128.78,64.42,0
7120,-128.77,56.4,0
7121,-128.74,65.22,0
7122,-128.7,55.11,0
7123,-128.57,62.93,0
7124,-128.52,55.59,0
7125,-128.48,56.09,0
7126,-128.45,69.59,0
7127,-128.44,59.72,0
7128,-128.43,66.89,0
7129,-128.41,64.22,0
7130,-128.39,60.1,0
7131,-128.34,68.73,0
7132,-128.31,68.52,0
7133,-128.27,69.33,0
7134,-128.23,66.41,0
7135,-128.19,62.94,0
7136,-128.11,64.61,0
7137,-128.1,56.46,0
7138,-128.07,67.51,0
7139,-128.02,54.75,0
7140,-127.98,68.18,0
7141,-127.95,57.74,0
7142,-127.93,58.41,0
7143,-127.84,69.48,0
7144,-127.82,53.71,0
7145,-127.77,68.98,0
7146,-127.76,60.52,0
7147,-127.73,54.45,0
7148,-127.68,66.12,0
7149,-127.6,63.57,0
7150,-127.59,56.34,0
7151,-127.57,64.94,0
7152,-127.47,64.38,0
7153,-127.43,61.29,0
7154,-127.41,59.01,0
7155,-127.34,66.3,0
7156,-127.32,62.61,0
7157,-127.3,67.41,0
7158,-127.26,68.73,0
7159,-127.23,60.12,0
7160,-127.21,65.6,0
7161,-127.18,61.25,0
7162,-127.16,60.8,0
7163,-127.12,58.6,0
7164,-127.07,69.25,0
7165,-127,68.55,0
7166,-126.98,59.03,0
7167,-126.96,62.94,0
7168,-126.94,62.34,0
7169,-126.92,55.45,0
7170,-126.89,61.32,0
7171,-126.87,67.73,0
7172,-126.84,57.2,0
7173,-126.82,64.54,0
7174,-126.79,67.21,0
7175,-126.75,68.27,0
7176,-126.69,57.81,0
7177,-126.66,52.48,0
7178,-126.62,69.11,0
7179,-126.6,66.58,0
7180,-126.57,67.73,0
7181,-126.55,61.95,0
7182,-126.53,51.55,0
7183,-126.49,53.88,0
7184,-126.48,64.11,0
7185,-126.41,64.5,0
7186,-126.37,54.47,0
7187,-126.33,57.52,0
7188,-126.28,53.16,0
7189,-126.26,67.32,0
7190,-126.24,63.49,0
7191,-126.23,65.06,0
7192,-126.2,65.69,0
7193,-126.16,66.89,0
7194,-126.12,56.63,0
7195,-126.11,52.36,0
7196,-126.1,61.09,0
7197,-126.05,55.5,0
7198,-125.98,58.37,0
7199,-125.96,50.92,0
7200,-125.85,59.26,0
7201,-125.82,51.76,0
7202,-125.8,65.94,0
7203,-125.78,58.96,0
7204,-125.76,66.62,0
7205,-125.73,67.17,0
7206,-125.69,61.41,0
7207,-125.65,53.2,0
7208,-125.62,60.53,0
7209,-125.61,59.97,0
7210,-125.58,63.83,0
7211,-125.53,50.72,0
7212,-125.51,55.88,0
7213,-125.48,56.42,0
7214,-125.46,63.45,0
7215,-125.44,52.23,0
7216,-125.37,61.93,0
7217,-125.35,54.77,0
7218,-125.33,60.8,0
7219,-125.31,65.1,0
7220,-125.27,57.22,0
7221,-125.26,51.71,0
7222,-125.24,58.69,0
7223,-125.17,66.37,0
7224,-125.14,51.34,0
7225,-124.99,60.78,0
7226,-124.97,53.16,0
7227,-124.94,54.48,0
7228,-124.93,65.56,0
7229,-124.92,62.63,0
7230,-124.9,60.07,0
7231,-124.89,58.07,0
7232,-124.87,66.92,0
7233,-124.85,68.14,0
7234,-124.81,59.24,0
7235,-124.8,63.95,0
7236,-124.74,68.77,0
7237,-124.72,69.2,0
7238,-124.69,55.32,0
7239,-124.68,62.26,0
7240,-124.67,50.58,0
7241,-124.63,67.63,0
7242,-124.58,56.06,0
7243,-124.56,50.76,0
7244,-124.51,58.83,0
7245,-124.49,53.62,0
7246,-124.47,52.78,0
7247,-124.46,60.91,0
7248,-124.44,63.31,0
7249,-124.42,65.24,0
7250,-124.37,56.74,0
7251,-124.34,54.98,0
7252,-124.29,56.38,0
7253,-124.25,51,0
7254,-124.24,61.3,0
7255,-124.22,51.55,0
7256,-124.19,53.73,0
7257,-124.15,63.7,0
7258,-124.12,55.57,0
7259,-124.06,66.69,0
7260,-124,56.97,0
7261,-123.99,57.49,0
7262,-123.96,72.2,0
7263,-123.88,62.52,0
7264,-123.85,53.78,0
7265,-123.83,63.61,0
7266,-123.79,64.5,0
7267,-123.72,65.22,0
7268,-123.7,73.09,0
7269,-123.66,54.69,0
7270,-123.65,53.59,0
7271,-123.62,51.93,0
7272,-123.6,61.05,0
7273,-123.59,43.26,0
7274,-123.57,50.54,0
7275,-123.56,57.92,0
7276,-123.51,61.59,0
7277,-123.5,42.67,0
7278,-123.45,45.45,0
7279,-123.43,43.79,0
7280,-123.42,63.61,0
7281,-123.41,54.13,0
7282,-123.36,66.12,0
7283,-123.32,72.04,0
7284,-123.31,62.97,0
7285,-123.29,50.99,0
7286,-123.28,52.82,0
7287,-123.25,42.31,0
7288,-123.24,68.66,0
7289,-123.23,45.01,0
7290,-123.22,49.67,0
7291,-123.21,45.66,0
7292,-123.2,50.29,0
7293,-123.19,57.22,0
7294,-123.16,40.8,0
7295,-123.15,41.7,0
7296,-123.13,52.55,0
7297,-123.08,40.17,0
7298,-123.07,56.55,0
7299,-123.06,43.1,0
7300,-123.05,45.23,0
7301,-123.02,54.69,0
7302,-123,39.71,0
7303,-122.99,42.82,0
7304,-122.98,59,0
7305,-122.96,43.41,0
7306,-122.95,41.26,0
7307,-122.9,46.62,0
7308,-122.88,53.1,0
7309,-122.86,44.57,0
7310,-122.83,62.63,0
7311,-122.79,43.02,0
7312,-122.77,55.36,0
7313,-122.72,63.86,0
7314,-122.65,61.41,0
7315,-122.64,56.76,0
7316,-122.62,42.67,0
7317,-122.6,54.26,0
7318,-122.59,57.79,0
7319,-122.56,46.8,0
7320,-122.55,39.43,0
7321,-122.54,49.63,0
7322,-122.52,42.46,0
7323,-122.47,62.18,0
7324,-122.45,67.82,0
7325,-122.43,53.8,0
7326,-122.4,44.63,0
7327,-122.39,56.12,0
7328,-122.36,64.51,0
7329,-122.31,50.97,0
7330,-122.27,60.66,0
7331,-122.25,50.38,0
7332,-122.16,39.33,0
7333,-122.15,51.49,0
7334,-122.14,63.11,0
7335,-122.13,44.62,0
7336,-122.11,46.39,0
7337,-122.1,43.43,0
7338,-122.09,42.92,0
7339,-122.06,40.96,0
7340,-122.04,61.84,0
7341,-122.01,43.74,0
7342,-121.98,43.2,0
7343,-121.95,40.17,0
7344,-121.93,54.07,0
7345,-121.92,61.84,0
7346,-121.88,45.13,0
7347,-121.87,42.03,0
7348,-121.86,48.52,0
7349,-121.84,46.56,0
7350,-121.8,60.69,0
7351,-121.79,52.78,0
7352,-121.76,53.8,0
7353,-121.73,44.93,0
7354,-121.72,52.62,0
7355,-121.71,46.75,0
7356,-121.7,48.86,0
7357,-121.68,44.16,0
7358,-121.66,43.27,0
7359,-121.63,61.18,0
7360,-121.61,47.73,0
7361,-121.57,42.57,0
7362,-121.54,56.67,0
7363,-121.5,51.51,0
7364,-121.48,43,0
7365,-121.47,49.04,0
7366,-121.46,43.67,0
7367,-121.44,37.03,0
7368,-121.43,51.03,0
7369,-121.42,57.44,0
7370,-121.41,53.66,0
7371,-121.39,44.05,0
7372,-121.38,59.1,0
7373,-121.37,47.7,0
7374,-121.34,50.63,0
7375,-121.33,52.02,0
7376,-121.29,67.8,0
7377,-121.19,44.43,0
7378,-121.14,48.08,0
7379,-121.13,40.9,0
7380,-121.12,48.55,0
7381,-121.11,62.38,0
7382,-121.09,40.28,0
7383,-121.05,38.99,0
7384,-121.03,37.37,0
7385,-121.02,56.77,0
7386,-121,44.26,0
7387,-120.98,46.14,0
7388,-120.97,44.91,0
7389,-120.95,49.26,0
7390,-120.91,61.43,0
7391,-120.89,43.42,0
7392,-120.88,38.01,0
7393,-120.87,39.76,0
7394,-120.86,48.54,0
7395,-120.82,42.92,0
7396,-120.78,43.32,0
7397,-120.77,55.97,0
7398,-120.75,51.42,0
7399,-120.74,53.29,0
7400,-120.73,36.99,0
7401,-120.7,48.93,0
7402,-120.68,41.56,0
7403,-120.66,47.95,0
7404,-120.65,59.47,0
7405,-120.64,58.19,0
7406,-120.61,62.39,0
7407,-120.6,36.64,0
7408,-120.56,35.74,0
7409,-120.55,46.71,0
7410,-120.53,43.26,0
7411,-120.5,57.4,0
7412,-120.46,41.26,0
7413,-120.44,37.38,0
7414,-120.43,43.62,0
7415,-120.4,58.49,0
7416,-120.39,63.36,0
7417,-120.36,49.02,0
7418,-120.35,42.51,0
7419,-120.34,43.1,0
7420,-120.32,55.95,0
7421,-120.31,44.04,0
7422,-120.28,40.67,0
7423,-120.27,67.6,0
7424,-120.25,60.91,0
7425,-120.23,52.78,0
7426,-120.21,47.36,0
7427,-120.19,37.71,0
7428,-120.18,47.79,0
7429,-120.15,54.85,0
7430,-120.1,43.5,0
7431,-120.07,58.06,0
7432,-120.05,37.09,0
7433,-120.04,49.49,0
7434,-120.02,52.21,0
7435,-119.99,44.09,0
7436,-119.98,57.15,0
7437,-119.97,44.52,0
7438,-119.96,45.91,0
7439,-119.92,37.36,0
7440,-119.89,58.71,0
7441,-119.86,40.69,0
7442,-119.82,36.3,0
7443,-119.81,45.17,0
7444,-119.8,67.14,0
7445,-119.78,65.44,0
7446,-119.77,43.36,0
7447,-119.76,41.78,0
7448,-119.72,56.46,0
7449,-119.71,38.19,0
7450,-119.68,48.81,0
7451,-119.65,44.62,0
7452,-119.64,47.27,0
7453,-119.61,45.08,0
7454,-119.6,52.06,0
7455,-119.57,36.15,0
7456,-119.56,35.33,0
7457,-119.55,63.06,0
7458,-119.53,52.87,0
7459,-119.51,58.96,0
7460,-119.48,38.4,0
7461,-119.47,35.73,0
7462,-119.43,54.52,0
7463,-119.39,59.85,0
7464,-119.38,38.05,0
7465,-119.37,66.83,0
7466,-119.36,37.76,0
7467,-119.33,43.7,0
7468,-119.31,35.46,0
7469,-119.3,53.08,0
7470,-119.28,43.34,0
7471,-119.26,55.79,0
7472,-119.25,60.21,0
7473,-119.23,44.01,0
7474,-119.22,41.82,0
7475,-119.21,55.68,0
7476,-119.17,39.98,0
7477,-119.14,64.58,0
7478,-119.11,44.32,0
7479,-119.09,40.72,0
7480,-119.08,43.21,0
7481,-119.07,65.83,0
7482,-119.05,52.3,0
7483,-119.03,35.87,0
7484,-119.02,44.75,0
7485,-119,36.45,0
7486,-118.98,58.17,0
7487,-118.96,56.46,0
7488,-118.94,43.66,0
7489,-118.92,48.3,0
7490,-118.91,48.81,0
7491,-118.88,52.02,0
7492,-118.86,42.31,0
7493,-118.85,46.52,0
7494,-118.84,40.28,0
7495,-118.81,44.57,0
7496,-118.8,62.09,0
7497,-118.79,65.26,0
7498,-118.78,68.64,0
7499,-118.75,62.56,0
7500,-118.73,43.13,0
7501,-118.71,47.09,0
7502,-118.69,36.7,0
7503,-118.67,47.59,0
7504,-118.66,41.98,0
7505,-118.63,41.51,0
7506,-118.62,63.19,0
7507,-118.6,38,0
7508,-118.59,40.69,0
7509,-118.58,44.88,0
7510,-118.54,41.88,0
7511,-118.53,40,0
7512,-118.5,53.12,0
7513,-118.49,36.2,0
7514,-118.43,38.31,0
7515,-118.39,45.24,0
7516,-118.37,37.34,0
7517,-118.35,52.23,0
7518,-118.34,38.78,0
7519,-118.33,51,0
7520,-118.32,39.43,0
7521,-118.3,42.86,0
7522,-118.29,51.93,0
7523,-118.25,43.27,0
7524,-118.24,34.92,0
7525,-118.21,47.45,0
7526,-118.2,45.5,0
7527,-118.19,46.68,0
7528,-118.17,57.2,0
7529,-118.16,40.51,0
7530,-118.14,56.9,0
7531,-118.12,53.84,0
7532,-118.1,44.38,0
7533,-118.08,36.09,0
7534,-118.07,60.1,0
7535,-118.05,38.19,0
7536,-118.04,42.92,0
7537,-118.03,39.45,0
7538,-118.01,43.8,0
7539,-117.99,57.56,0
7540,-117.95,44.01,0
7541,-117.94,56.29,0
7542,-117.92,68.23,0
7543,-117.91,40.04,0
7544,-117.9,62.3,0
7545,-117.89,39.08,0
7546,-117.87,63.99,0
7547,-117.86,55.91,0
7548,-117.85,48.34,0
7549,-117.83,64.31,0
7550,-117.82,38.66,0
7551,-117.8,35.28,0
7552,-117.78,59.69,0
7553,-117.76,36.68,0
7554,-117.75,37.9,0
7555,-117.73,40.42,0
7556,-117.71,34.62,0
7557,-117.69,63.04,0
7558,-117.68,44.32,0
7559,-117.66,45.52,0
7560,-117.65,39.58,0
7561,-117.64,34.83,0
7562,-117.6,52.05,0
7563,-117.57,35.72,0
7564,-117.56,40.32,0
7565,-117.52,56.34,0
7566,-117.51,39.94,0
7567,-117.49,61.07,0
7568,-117.46,55,0
7569,-117.44,55.07,0
7570,-117.4,37.55,0
7571,-117.36,44.3,0
7572,-117.35,53.97,0
7573,-117.34,38.63,0
7574,-117.32,40.53,0
7575,-117.31,36.53,0
7576,-117.3,39.3,0
7577,-117.29,35.36,0
7578,-117.28,65.6,0
7579,-117.23,65.98,0
7580,-117.2,45.5,0
7581,-117.19,54.52,0
7582,-117.18,34.92,0
7583,-117.16,42.98,0
7584,-117.15,61.95,0
7585,-117.14,33.36,0
7586,-117.12,51.96,0
7587,-117.1,39.96,0
7588,-117.06,48.68,0
7589,-117.05,37.16,0
7590,-117.03,42.36,0
7591,-117.01,56.15,0
7592,-117,33.31,0
7593,-116.98,36.84,0
7594,-116.97,56.54,0
7595,-116.95,33.74,0
7596,-116.93,66.91,0
7597,-116.92,53.62,0
7598,-116.89,58.11,0
7599,-116.88,59.73,0
7600,-116.86,37.65,0
7601,-116.85,47.45,0
7602,-116.83,36.31,0
7603,-116.81,65.78,0
7604,-116.8,37.33,0
7605,-116.78,48.31,0
7606,-116.77,43.29,0
7607,-116.76,62.29,0
7608,-116.75,38.63,0
7609,-116.74,35.65,0
7610,-116.72,50.45,0
7611,-116.7,34.71,0
7612,-116.68,61.79,0
7613,-116.67,42.02,0
7614,-116.63,54.85,0
7615,-116.62,39.42,0
7616,-116.59,64.04,0
7617,-116.58,42.51,0
7618,-116.57,39.73,0
7619,-116.53,36.43,0
7620,-116.52,45.31,0
7621,-116.51,66.24,0
7622,-116.5,32.53,0
7623,-116.49,40.28,0
7624,-116.48,34.51,0
7625,-116.47,62.66,0
7626,-116.46,38.56,0
7627,-116.44,44.38,0
7628,-116.42,55.74,0
7629,-116.38,38.39,0
7630,-116.36,38.05,0
7631,-116.34,62.43,0
7632,-116.31,51.15,0
7633,-116.3,48.17,0
7634,-116.29,41.89,0
7635,-116.26,36.28,0
7636,-116.24,50.72,0
7637,-116.22,63.16,0
7638,-116.21,32.7,0
7639,-116.2,66.49,0
7640,-116.18,37.76,0
7641,-116.17,52.48,0
7642,-116.14,32.21,0
7643,-116.13,37.5,0
7644,-116.08,36.95,0
7645,-116.07,34.42,0
7646,-116.06,48.77,0
7647,-116.04,57.18,0
7648,-116.03,40.66,0
7649,-116,50.96,0
7650,-115.97,37.92,0
7651,-115.96,38.48,0
7652,-115.95,53.23,0
7653,-115.92,47.68,0
7654,-115.9,47.45,0
7655,-115.87,60.14,0
7656,-115.85,45.24,0
7657,-115.8,44.39,0
7658,-115.79,37.63,0
7659,-115.78,42.19,0
7660,-115.75,32.38,0
7661,-115.74,36.65,0
7662,-115.73,41.2,0
7663,-115.72,51.46,0
7664,-115.7,46.86,0
7665,-115.68,40.07,0
7666,-115.67,39.68,0
7667,-115.66,65.31,0
7668,-115.65,63.02,0
7669,-115.64,37.16,0
7670,-115.62,58.54,0
7671,-115.59,37.33,0
7672,-115.58,57.29,0
7673,-115.54,32.6,0
7674,-115.53,41.66,0
7675,-115.52,34.72,0
7676,-115.51,39.3,0
7677,-115.5,43.4,0
7678,-115.49,56.86,0
7679,-115.47,30.4,0
7680,-115.45,33.15,0
7681,-115.43,41.34,0
7682,-115.41,37.83,0
7683,-115.38,64.54,0
7684,-115.34,34.46,0
7685,-115.32,41.86,0
7686,-115.31,43.93,0
7687,-115.29,47.91,0
7688,-115.28,40.51,0
7689,-115.27,58.92,0
7690,-115.26,32.17,0
7691,-115.25,42.72,0
7692,-115.23,38.91,0
7693,-115.21,34.09,0
7694,-115.2,66.19,0
7695,-115.18,58.22,0
7696,-115.15,36.49,0
7697,-115.13,67.39,0
7698,-115.11,41.23,0
7699,-115.1,35.89,0
7700,-115.09,60.12,0
7701,-115.06,37.11,0
7702,-115.05,47.28,0
7703,-115.04,56.27,0
7704,-115.01,44.99,0
7705,-115,39.69,0
7706,-114.98,32.81,0
7707,-114.97,53.87,0
7708,-114.96,35.26,0
7709,-114.95,33.3,0
7710,-114.94,34.75,0
7711,-114.9,72.04,0
7712,-114.88,56.88,0
7713,-114.86,40.76,0
7714,-114.84,40.35,0
7715,-114.82,57.73,0
7716,-114.81,39.44,0
7717,-114.79,34.07,0
7718,-114.77,48.5,0
7719,-114.76,38.21,0
7720,-114.75,41.4,0
7721,-114.73,52.65,0
7722,-114.7,49.76,0
7723,-114.66,37.62,0
7724,-114.65,38.79,0
7725,-114.61,48.29,0
7726,-114.6,55.95,0
7727,-114.59,47.52,0
7728,-114.56,32.13,0
7729,-114.55,29.5,0
7730,-114.54,32.66,0
7731,-114.52,34.42,0
7732,-114.51,36.35,0
7733,-114.47,51.6,0
7734,-114.44,33.41,0
7735,-114.43,37.14,0
7736,-114.41,60.12,0
7737,-114.39,65.35,0
7738,-114.38,42.67,0
7739,-114.36,39.99,0
7740,-114.35,59.64,0
7741,-114.34,41.32,0
7742,-114.33,44.67,0
7743,-114.31,35.9,0
7744,-114.27,34.56,0
7745,-114.26,56,0
7746,-114.23,41.97,0
7747,-114.2,46.91,0
7748,-114.18,40.89,0
7749,-114.16,64.94,0
7750,-114.1,57.82,0
7751,-114.09,52.39,0
7752,-114.07,62.79,0
7753,-114.06,32.61,0
7754,-114.03,36.45,0
7755,-114.02,36.7,0
7756,-114.01,35.67,0
7757,-113.99,33.93,0
7758,-113.98,37.6,0
7759,-113.97,40.35,0
7760,-113.95,48.34,0
7761,-113.93,37.11,0
7762,-113.91,54.39,0
7763,-113.88,38.09,0
7764,-113.87,34.73,0
7765,-113.84,56.84,0
7766,-113.83,33.4,0
7767,-113.8,56.08,0
7768,-113.79,44.7,0
7769,-113.77,37.63,0
7770,-113.76,32.05,0
7771,-113.75,46.93,0
7772,-113.73,38.21,0
7773,-113.69,27.74,0
7774,-113.66,40.87,0
7775,-113.65,39.26,0
7776,-113.64,38.99,0
7777,-113.63,35.96,0
7778,-113.61,37.92,0
7779,-113.6,27.31,0
7780,-113.59,28.24,0
7781,-113.56,28.64,0
7782,-113.52,50.15,0
7783,-113.51,42.9,0
7784,-113.5,66.32,0
7785,-113.48,54.09,0
7786,-113.46,47.96,0
7787,-113.43,37.41,0
7788,-113.42,44.91,0
7789,-113.41,32.19,0
7790,-113.39,42.03,0
7791,-113.37,28.21,0
7792,-113.36,60.53,0
7793,-113.35,39.67,0
7794,-113.33,33.06,0
7795,-113.32,40.07,0
7796,-113.3,66.78,0
7797,-113.29,54.05,0
7798,-113.27,47.5,0
7799,-113.25,45.95,0
7800,-113.23,34.18,0
7801,-113.22,31.72,0
7802,-113.19,44.24,0
7803,-113.16,39.03,0
7804,-113.14,36.04,0
7805,-113.07,48.72,0
7806,-113.04,37.76,0
7807,-113.03,43.22,0
7808,-113.02,48.54,0
7809,-113,60.12,0
7810,-112.98,34.46,0
7811,-112.97,38.22,0
7812,-112.96,50.22,0
7813,-112.95,66.91,0
7814,-112.94,34.82,0
7815,-112.93,59.26,0
7816,-112.91,65.26,0
7817,-112.87,57.9,0
7818,-112.86,33.36,0
7819,-112.84,66.44,0
7820,-112.83,39.7,0
7821,-112.82,58.71,0
7822,-112.81,31.29,0
7823,-112.8,38.73,0
7824,-112.78,35.96,0
7825,-112.75,55.88,0
7826,-112.74,32.64,0
7827,-112.73,60.57,0
7828,-112.7,42.29,0
7829,-112.68,35.49,0
7830,-112.66,52.46,0
7831,-112.65,30.82,0
7832,-112.64,39.08,0
7833,-112.58,45.24,0
7834,-112.57,26.92,0
7835,-112.55,46.8,0
7836,-112.53,56.97,0
7837,-112.49,43.75,0
7838,-112.48,59.21,0
7839,-112.44,44.6,0
7840,-112.43,61.61,0
7841,-112.42,47.43,0
7842,-112.4,31.5,0
7843,-112.39,66.15,0
7844,-112.34,47.68,0
7845,-112.32,39.07,0
7846,-112.3,48.7,0
7847,-112.29,55.83,0
7848,-112.28,56.29,0
7849,-112.27,36.33,0
7850,-112.23,46.39,0
7851,-112.22,33.07,0
7852,-112.21,26.78,0
7853,-112.19,53.42,0
7854,-112.17,30.03,0
7855,-112.15,30.69,0
7856,-112.14,50.06,0
7857,-112.12,53.57,0
7858,-112.11,63.15,0
7859,-112.1,35.51,0
7860,-112.09,31.82,0
7861,-112.07,52.64,0
7862,-112.04,39.5,0
7863,-112.03,59.55,0
7864,-112.01,40.18,0
7865,-112,45.01,0
7866,-111.99,43.91,0
7867,-111.98,54.32,0
7868,-111.94,31.41,0
7869,-111.92,38.02,0
7870,-111.91,58.49,0
7871,-111.9,58.32,0
7872,-111.89,39.13,0
7873,-111.87,52.55,0
7874,-111.86,42.29,0
7875,-111.85,56.52,0
7876,-111.81,32.76,0
7877,-111.8,32.19,0
7878,-111.78,47.73,0
7879,-111.77,42.93,0
7880,-111.76,47.64,0
7881,-111.73,67,0
7882,-111.72,41.17,0
7883,-111.71,37.66,0
7884,-111.7,30.75,0
7885,-111.68,44.77,0
7886,-111.67,30.29,0
7887,-111.64,54.77,0
7888,-111.61,29.26,0
7889,-111.6,48.7,0
7890,-111.57,66.44,0
7891,-111.55,58.65,0
7892,-111.53,34.79,0
7893,-111.51,37.21,0
7894,-111.48,56.97,0
7895,-111.47,31.52,0
7896,-111.44,54.86,0
7897,-111.39,57.85,0
7898,-111.35,50.1,0
7899,-111.34,38.14,0
7900,-111.33,28.81,0
7901,-111.32,60.14,0
7902,-111.3,29.93,0
7903,-111.28,38.78,0
7904,-111.26,64.27,0
7905,-111.24,30.47,0
7906,-111.23,32.42,0
7907,-111.22,69.79,0
7908,-111.2,31.19,0
7909,-111.19,32.5,0
7910,-111.18,54.22,0
7911,-111.17,28.48,0
7912,-111.13,56.38,0
7913,-111.12,47.05,0
7914,-111.11,34.64,0
7915,-111.08,39.69,0
7916,-111.05,63.11,0
7917,-111.03,52.21,0
7918,-111.01,61.33,0
7919,-110.99,36.2,0
7920,-110.98,67.41,0
7921,-110.96,66.7,0
7922,-110.94,54.66,0
7923,-110.93,35.46,0
7924,-110.92,54.27,0
7925,-110.89,32.13,0
7926,-110.88,34.28,0
7927,-110.87,49.7,0
7928,-110.84,30.27,0
7929,-110.83,47.54,0
7930,-110.82,41.02,0
7931,-110.79,36.57,0
7932,-110.78,51.6,0
7933,-110.75,28.39,0
7934,-110.73,30.83,0
7935,-110.71,30.48,0
7936,-110.69,66.58,0
7937,-110.68,39.63,0
7938,-110.67,64.92,0
7939,-110.64,29.07,0
7940,-110.63,67.59,0
7941,-110.62,38.47,0
7942,-110.6,56,0
7943,-110.58,71.19,0
7944,-110.56,28.23,0
7945,-110.54,69.58,0
7946,-110.53,34.17,0
7947,-110.52,36.5,0
7948,-110.5,28.6,0
7949,-110.48,29.63,0
7950,-110.46,61.52,0
7951,-110.44,30.9,0
7952,-110.43,33.73,0
7953,-110.42,66.75,0
7954,-110.41,53.84,0
7955,-110.4,33.34,0
7956,-110.38,30.4,0
7957,-110.37,64.58,0
7958,-110.35,48.77,0
7959,-110.34,38.83,0
7960,-110.33,58.24,0
7961,-110.31,32.18,0
7962,-110.29,40.08,0
7963,-110.27,35.38,0
7964,-110.25,28.79,0
7965,-110.24,54.91,0
7966,-110.23,42.78,0
7967,-110.21,67.83,0
7968,-110.2,66.03,0
7969,-110.19,50.22,0
7970,-110.16,32.12,0
7971,-110.14,42.26,0
7972,-110.13,34.84,0
7973,-110.11,36.72,0
7974,-110.1,47.89,0
7975,-110.09,29.14,0
7976,-110.08,28.74,0
7977,-110.06,30.11,0
7978,-110.05,45.5,0
7979,-110.03,36.23,0
7980,-110.01,55.07,0
7981,-109.99,71.91,0
7982,-109.98,35.18,0
7983,-109.96,30.63,0
7984,-109.95,28.28,0
7985,-109.94,63.54,0
7986,-109.91,31.13,0
7987,-109.88,34.63,0
7988,-109.86,64.21,0
7989,-109.85,65.99,0
7990,-109.83,31.13,0
7991,-109.82,29.42,0
7992,-109.81,57.94,0
7993,-109.8,34.3,0
7994,-109.78,62.09,0
7995,-109.76,28.75,0
7996,-109.75,35.28,0
7997,-109.74,60.83,0
7998,-109.72,38.68,0
7999,-109.71,40.55,0
8000,-109.69,30.01,0
8001,-109.68,66.04,0
8002,-109.67,35.65,0
8003,-109.61,72.2,0
8004,-109.56,32.38,0
8005,-109.53,29.02,0
8006,-109.51,57.54,0
8007,-109.5,27.96,0
8008,-109.48,30.86,0
8009,-109.47,56,0
8010,-109.45,36.44,0
8011,-109.44,65.56,0
8012,-109.43,26.99,0
8013,-109.42,55.16,0
8014,-109.41,35.16,0
8015,-109.4,33.44,0
8016,-109.37,28.43,0
8017,-109.36,67.03,0
8018,-109.35,29.48,0
8019,-109.34,60.43,0
8020,-109.31,27.69,0
8021,-109.3,35.16,0
8022,-109.28,42.96,0
8023,-109.27,57.69,0
8024,-109.26,30.32,0
8025,-109.24,50.13,0
8026,-109.19,53.75,0
8027,-109.18,31.15,0
8028,-109.17,39.05,0
8029,-109.16,41.68,0
8030,-109.15,65.83,0
8031,-109.14,60.61,0
8032,-109.13,43.52,0
8033,-109.07,64.6,0
8034,-109.06,71.02,0
8035,-109.05,30.67,0
8036,-109.03,61.25,0
8037,-109.02,64.04,0
8038,-109,27.09,0
8039,-108.98,44.08,0
8040,-108.96,62.48,0
8041,-108.95,34.94,0
8042,-108.92,54.89,0
8043,-108.9,34.33,0
8044,-108.88,41.36,0
8045,-108.87,26.39,0
8046,-108.85,54.36,0
8047,-108.82,30.19,0
8048,-108.81,36.83,0
8049,-108.8,42.02,0
8050,-108.77,66.25,0
8051,-108.76,43.17,0
8052,-108.75,60.79,0
8053,-108.74,55.04,0
8054,-108.73,27.25,0
8055,-108.72,56.46,0
8056,-108.69,25.83,0
8057,-108.68,27.86,0
8058,-108.67,39.58,0
8059,-108.66,28.13,0
8060,-108.65,65.63,0
8061,-108.64,29.1,0
8062,-108.62,31.13,0
8063,-108.6,60.41,0
8064,-108.59,30.73,0
8065,-108.58,64.14,0
8066,-108.55,55.49,0
8067,-108.54,57.67,0
8068,-108.52,35.57,0
8069,-108.51,54.26,0
8070,-108.48,39.49,0
8071,-108.47,28.87,0
8072,-108.45,48.95,0
8073,-108.44,36.14,0
8074,-108.43,64.6,0
8075,-108.41,28.5,0
8076,-108.37,65.89,0
8077,-108.36,30.29,0
8078,-108.35,65.49,0
8079,-108.34,25.99,0
8080,-108.33,52.57,0
8081,-108.32,30.66,0
8082,-108.31,42.8,0
8083,-108.29,61.91,0
8084,-108.28,40.16,0
8085,-108.26,53.54,0
8086,-108.24,56.22,0
8087,-108.2,34.43,0
8088,-108.19,31.26,0
8089,-108.18,29.05,0
8090,-108.17,28.19,0
8091,-108.14,43.32,0
8092,-108.13,25.79,0
8093,-108.09,26.68,0
8094,-108.08,64.52,0
8095,-108.05,41.83,0
8096,-108.04,64.92,0
8097,-108.03,38.42,0
8098,-108,45.48,0
8099,-107.99,52.82,0
8100,-107.97,47.88,0
8101,-107.96,70.51,0
8102,-107.95,27.96,0
8103,-107.94,31.06,0
8104,-107.93,61.7,0
8105,-107.92,28.58,0
8106,-107.9,27.23,0
8107,-107.89,29.33,0
8108,-107.88,61.03,0
8109,-107.87,63.25,0
8110,-107.85,31.51,0
8111,-107.84,59.74,0
8112,-107.82,26.49,0
8113,-107.76,55.38,0
8114,-107.75,26.03,0
8115,-107.74,58.26,0
8116,-107.73,45.29,0
8117,-107.72,56.7,0
8118,-107.71,29.89,0
8119,-107.66,41.55,0
8120,-107.65,28.24,0
8121,-107.64,27.36,0
8122,-107.63,30.66,0
8123,-107.62,25.91,0
8124,-107.61,36.65,0
8125,-107.58,57.9,0
8126,-107.55,29.61,0
8127,-107.53,64.33,0
8128,-107.51,26.42,0
8129,-107.5,27.12,0
8130,-107.48,25.63,0
8131,-107.47,54.68,0
8132,-107.41,28.96,0
8133,-107.4,43.45,0
8134,-107.39,33.59,0
8135,-107.38,60.49,0
8136,-107.37,24.91,0
8137,-107.35,38.31,0
8138,-107.34,62.31,0
8139,-107.33,29.33,0
8140,-107.32,59.42,0
8141,-107.31,45.14,0
8142,-107.3,67.81,0
8143,-107.29,24.68,0
8144,-107.28,59.95,0
8145,-107.26,57.76,0
8146,-107.25,39.97,0
8147,-107.24,61.41,0
8148,-107.21,58.7,0
8149,-107.2,25.79,0
8150,-107.19,65.47,0
8151,-107.16,40.8,0
8152,-107.15,62.33,0
8153,-107.13,65.11,0
8154,-107.12,29.47,0
8155,-107.1,37.86,0
8156,-107.09,63.87,0
8157,-107.08,31.48,0
8158,-107.07,27.95,0
8159,-107.04,64.54,0
8160,-107.03,59.72,0
8161,-107.02,56.41,0
8162,-106.99,42.78,0
8163,-106.95,28.17,0
8164,-106.94,30.78,0
8165,-106.92,66.02,0
8166,-106.91,40.27,0
8167,-106.9,43.52,0
8168,-106.86,45.7,0
8169,-106.82,29.9,0
8170,-106.8,27.3,0
8171,-106.79,26.92,0
8172,-106.77,28.79,0
8173,-106.75,65.99,0
8174,-106.73,65.77,0
8175,-106.69,46.39,0
8176,-106.67,61.11,0
8177,-106.66,24.81,0
8178,-106.65,26.92,0
8179,-106.62,62.01,0
8180,-106.61,30.02,0
8181,-106.6,25.25,0
8182,-106.58,66.5,0
8183,-106.56,61.71,0
8184,-106.55,30.5,0
8185,-106.53,26.27,0
8186,-106.5,33.62,0
8187,-106.48,28.19,0
8188,-106.44,23.71,0
8189,-106.42,27.63,0
8190,-106.37,28.59,0
8191,-106.35,55.91,0
8192,-106.34,31.14,0
8193,-106.33,30.85,0
8194,-106.31,24.43,0
8195,-106.29,67.57,0
8196,-106.27,30.25,0
8197,-106.26,29.8,0
8198,-106.25,25.35,0
8199,-106.24,65.93,0
8200,-106.23,28.04,0
8201,-106.22,31.66,0
8202,-106.18,25.91,0
8203,-106.16,56.24,0
8204,-106.12,65.21,0
8205,-106.1,26.46,0
8206,-106.08,67.09,0
8207,-106.07,27.22,0
8208,-106.06,70.89,0
8209,-106.03,28.9,0
8210,-106.02,45.27,0
8211,-106.01,27.64,0
8212,-105.98,24.06,0
8213,-105.97,57.86,0
8214,-105.95,66.56,0
8215,-105.94,37.83,0
8216,-105.93,61.04,0
8217,-105.92,25.17,0
8218,-105.91,64.71,0
8219,-105.89,27.12,0
8220,-105.88,43.46,0
8221,-105.86,42.42,0
8222,-105.83,44.98,0
8223,-105.82,25.7,0
8224,-105.78,63.59,0
8225,-105.77,42.66,0
8226,-105.76,64.27,0
8227,-105.73,28.45,0
8228,-105.72,28.01,0
8229,-105.71,29.92,0
8230,-105.69,29.33,0
8231,-105.68,66.18,0
8232,-105.67,67.13,0
8233,-105.64,29.56,0
8234,-105.63,23.71,0
8235,-105.62,27.17,0
8236,-105.6,22.96,0
8237,-105.59,26.01,0
8238,-105.58,30.1,0
8239,-105.57,26.88,0
8240,-105.55,29,0
8241,-105.54,39.32,0
8242,-105.53,41.74,0
8243,-105.52,26.25,0
8244,-105.51,63.66,0
8245,-105.5,30.74,0
8246,-105.48,38.98,0
8247,-105.47,25.59,0
8248,-105.46,53.75,0
8249,-105.44,24.38,0
8250,-105.42,62.6,0
8251,-105.39,39.72,0
8252,-105.38,25.07,0
8253,-105.37,43.86,0
8254,-105.36,65.11,0
8255,-105.34,27.71,0
8256,-105.33,26.77,0
8257,-105.32,38.17,0
8258,-105.3,40.12,0
8259,-105.29,69.92,0
8260,-105.27,28.04,0
8261,-105.25,31.11,0
8262,-105.24,30.6,0
8263,-105.23,66.02,0
8264,-105.21,22.9,0
8265,-105.2,22.6,0
8266,-105.17,24.26,0
8267,-105.15,61.25,0
8268,-105.13,67.62,0
8269,-105.12,29,0
8270,-105.11,23.63,0
8271,-105.1,41.24,0
8272,-105.08,28,0
8273,-105.06,29.74,0
8274,-105.05,28.45,0
8275,-105.03,25.99,0
8276,-105.02,63.11,0
8277,-104.99,42.71,0
8278,-104.96,59.21,0
8279,-104.95,22.55,0
8280,-104.94,66.84,0
8281,-104.93,26.98,0
8282,-104.91,64.88,0
8283,-104.9,25.25,0
8284,-104.88,66.69,0
8285,-104.87,64.16,0
8286,-104.86,44.11,0
8287,-104.84,23.4,0
8288,-104.83,25.66,0
8289,-104.81,65.95,0
8290,-104.79,19.72,0
8291,-104.76,41.59,0
8292,-104.75,65.36,0
8293,-104.74,24.92,0
8294,-104.73,26.76,0
8295,-104.71,21.38,0
8296,-104.7,56.38,0
8297,-104.68,22.27,0
8298,-104.66,20.2,0
8299,-104.65,20.71,0
8300,-104.64,22.95,0
8301,-104.63,21.5,0
8302,-104.62,52.65,0
8303,-104.6,66.37,0
8304,-104.59,19.52,0
8305,-104.57,39.06,0
8306,-104.55,27.27,0
8307,-104.54,43.1,0
8308,-104.52,20.53,0
8309,-104.51,21.07,0
8310,-104.5,64.77,0
8311,-104.49,24.67,0
8312,-104.47,60.77,0
8313,-104.46,30.75,0
8314,-104.45,55.07,0
8315,-104.44,19.71,0
8316,-104.43,58.66,0
8317,-104.42,25.57,0
8318,-104.4,26.29,0
8319,-104.39,61.21,0
8320,-104.37,25.09,0
8321,-104.36,27.47,0
8322,-104.33,59.04,0
8323,-104.32,29.56,0
8324,-104.29,60.43,0
8325,-104.28,63.74,0
8326,-104.24,23.2,0
8327,-104.22,26.97,0
8328,-104.2,66.16,0
8329,-104.19,58.83,0
8330,-104.18,63.02,0
8331,-104.17,26.09,0
8332,-104.16,63.47,0
8333,-104.15,25.23,0
8334,-104.12,57.31,0
8335,-104.11,20.24,0
8336,-104.07,30.03,0
8337,-104.05,61.97,0
8338,-104.04,23.11,0
8339,-104.03,23.95,0
8340,-104.02,54.64,0
8341,-104.01,66.39,0
8342,-104,19.4,0
8343,-103.98,31.87,0
8344,-103.94,49.9,0
8345,-103.92,21.73,0
8346,-103.91,26.78,0
8347,-103.9,67.38,0
8348,-103.88,24.8,0
8349,-103.86,19.26,0
8350,-103.85,25.63,0
8351,-103.83,22.5,0
8352,-103.82,28.35,0
8353,-103.81,29.38,0
8354,-103.78,26.42,0
8355,-103.77,28.53,0
8356,-103.76,19.45,0
8357,-103.74,59.59,0
8358,-103.73,27.92,0
8359,-103.7,64.2,0
8360,-103.69,19.86,0
8361,-103.68,24.17,0
8362,-103.67,32.12,0
8363,-103.65,24.3,0
8364,-103.64,57.35,0
8365,-103.63,25.1,0
8366,-103.62,23.72,0
8367,-103.61,24.57,0
8368,-103.6,27.22,0
8369,-103.59,61.29,0
8370,-103.57,25.27,0
8371,-103.56,21.53,0
8372,-103.53,24.7,0
8373,-103.51,66.46,0
8374,-103.5,64.6,0
8375,-103.49,20.6,0
8376,-103.48,27.86,0
8377,-103.47,65.01,0
8378,-103.46,23.06,0
8379,-103.44,22.07,0
8380,-103.43,69.88,0
8381,-103.41,23.83,0
8382,-103.39,55.87,0
8383,-103.36,18.84,0
8384,-103.34,20.14,0
8385,-103.32,25.57,0
8386,-103.31,24.8,0
8387,-103.3,26.63,0
8388,-103.29,38.37,0
8389,-103.27,20.81,0
8390,-103.26,25.15,0
8391,-103.25,19.39,0
8392,-103.23,28.87,0
8393,-103.2,20.58,0
8394,-103.19,28.04,0
8395,-103.18,22.52,0
8396,-103.17,18.96,0
8397,-103.16,18.6,0
8398,-103.15,56.66,0
8399,-103.14,25.98,0
8400,-103.13,67.62,0
8401,-103.09,69.24,0
8402,-103.07,23.06,0
8403,-103.06,21.73,0
8404,-103.05,18.88,0
8405,-103.04,26.87,0
8406,-103.03,25.55,0
8407,-103.02,59.69,0
8408,-103.01,28.32,0
8409,-103,30.36,0
8410,-102.98,66.01,0
8411,-102.97,61.58,0
8412,-102.95,18.39,0
8413,-102.94,64.06,0
8414,-102.92,65.19,0
8415,-102.9,21.09,0
8416,-102.89,19.4,0
8417,-102.88,62.94,0
8418,-102.87,54.93,0
8419,-102.85,29.29,0
8420,-102.84,25.19,0
8421,-102.8,29.57,0
8422,-102.79,18.86,0
8423,-102.78,23.64,0
8424,-102.75,52.36,0
8425,-102.74,28.73,0
8426,-102.71,55.45,0
8427,-102.67,26.46,0
8428,-102.65,20.6,0
8429,-102.64,31.16,0
8430,-102.63,30.61,0
8431,-102.62,24.86,0
8432,-102.6,65.78,0
8433,-102.59,18.48,0
8434,-102.57,22.67,0
8435,-102.56,64.25,0
8436,-102.55,31.33,0
8437,-102.54,23.03,0
8438,-102.53,19.04,0
8439,-102.52,56.64,0
8440,-102.51,22.89,0
8441,-102.5,20.56,0
8442,-102.49,23.51,0
8443,-102.46,29.38,0
8444,-102.45,26.03,0
8445,-102.44,33.06,0
8446,-102.43,29.97,0
8447,-102.42,24.05,0
8448,-102.41,18.63,0
8449,-102.4,24.65,0
8450,-102.38,30.64,0
8451,-102.37,27.56,0
8452,-102.36,28.89,0
8453,-102.35,56.15,0
8454,-102.34,26.99,0
8455,-102.33,21.42,0
8456,-102.3,62.62,0
8457,-102.29,66.11,0
8458,-102.28,56.62,0
8459,-102.26,22,0
8460,-102.25,29.53,0
8461,-102.24,20.81,0
8462,-102.22,66.81,0
8463,-102.21,20.05,0
8464,-102.2,25.36,0
8465,-102.19,32.46,0
8466,-102.18,30.64,0
8467,-102.16,28.36,0
8468,-102.14,55.61,0
8469,-102.13,24.09,0
8470,-102.12,24.55,0
8471,-102.11,42.15,0
8472,-102.08,20.22,0
8473,-102.06,22.9,0
8474,-102.05,42.83,0
8475,-102.04,19.34,0
8476,-102.03,61.59,0
8477,-102.01,63.72,0
8478,-102,27.87,0
8479,-101.97,30.25,0
8480,-101.95,65.49,0
8481,-101.92,22.72,0
8482,-101.91,29.38,0
8483,-101.9,31.09,0
8484,-101.89,21.14,0
8485,-101.87,18.26,0
8486,-101.86,20.31,0
8487,-101.82,25.1,0
8488,-101.81,25.49,0
8489,-101.8,19.71,0
8490,-101.78,64.92,0
8491,-101.75,19.07,0
8492,-101.74,57.52,0
8493,-101.71,24.7,0
8494,-101.7,54.81,0
8495,-101.69,27.09,0
8496,-101.67,21.92,0
8497,-101.65,56.29,0
8498,-101.64,18.55,0
8499,-101.62,26.53,0
8500,-101.61,55.79,0
8501,-101.57,19.8,0
8502,-101.56,31.38,0
8503,-101.53,26.8,0
8504,-101.52,33.21,0
8505,-101.49,23.75,0
8506,-101.48,55.14,0
8507,-101.47,31.35,0
8508,-101.46,24.21,0
8509,-101.45,30.47,0
8510,-101.44,57.86,0
8511,-101.41,21.62,0
8512,-101.4,59.21,0
8513,-101.38,18.42,0
8514,-101.37,29.8,0
8515,-101.36,20.68,0
8516,-101.35,22,0
8517,-101.31,18.52,0
8518,-101.3,19.5,0
8519,-101.28,28.3,0
8520,-101.27,25.12,0
8521,-101.25,18.28,0
8522,-101.23,22.74,0
8523,-101.22,19.76,0
8524,-101.21,63.65,0
8525,-101.19,64.65,0
8526,-101.18,32.46,0
8527,-101.16,20.94,0
8528,-101.15,27.22,0
8529,-101.13,56.47,0
8530,-101.12,42.08,0
8531,-101.11,30.11,0
8532,-101.09,24.83,0
8533,-101.08,22.33,0
8534,-101.05,25.95,0
8535,-101.03,41.28,0
8536,-101.02,20.93,0
8537,-101,57.52,0
8538,-100.98,23.77,0
8539,-100.94,44.28,0
8540,-100.92,33.79,0
8541,-100.91,32.4,0
8542,-100.89,43.47,0
8543,-100.88,25.51,0
8544,-100.87,18.28,0
8545,-100.86,20.5,0
8546,-100.83,22.31,0
8547,-100.81,63.95,0
8548,-100.79,18.92,0
8549,-100.77,56.89,0
8550,-100.76,31.84,0
8551,-100.75,65.09,0
8552,-100.74,32.32,0
8553,-100.72,27.36,0
8554,-100.69,17.54,0
8555,-100.68,23.28,0
8556,-100.67,27.42,0
8557,-100.66,23.65,0
8558,-100.64,32.01,0
8559,-100.61,27.57,0
8560,-100.6,66.67,0
8561,-100.58,64.33,0
8562,-100.57,18.75,0
8563,-100.56,19.58,0
8564,-100.55,18.25,0
8565,-100.54,63.36,0
8566,-100.53,67.45,0
8567,-100.51,59.76,0
8568,-100.49,23.06,0
8569,-100.48,21.85,0
8570,-100.47,17.57,0
8571,-100.46,22.15,0
8572,-100.45,61.93,0
8573,-100.43,19.9,0
8574,-100.42,24.41,0
8575,-100.4,20.92,0
8576,-100.39,18.45,0
8577,-100.35,24.87,0
8578,-100.34,56.63,0
8579,-100.33,17.27,0
8580,-100.32,27.08,0
8581,-100.3,54.94,0
8582,-100.28,25.21,0
8583,-100.27,23.82,0
8584,-100.26,63.11,0
8585,-100.25,20.53,0
8586,-100.24,60.33,0
8587,-100.22,22.57,0
8588,-100.2,24.33,0
8589,-100.17,18.94,0
8590,-100.14,19.72,0
8591,-100.13,17.95,0
8592,-100.09,23.94,0
8593,-100.07,61.08,0
8594,-100.03,57.82,0
8595,-100.01,63.95,0
8596,-100,25.66,0
8597,-99.99,26.82,0
8598,-99.98,26.44,0
8599,-99.97,64.81,0
8600,-99.95,18.5,0
8601,-99.94,33.46,0
8602,-99.93,27.38,0
8603,-99.92,24.68,0
8604,-99.9,17.3,0
8605,-99.88,63.36,0
8606,-99.85,33.66,0
8607,-99.84,56.34,0
8608,-99.83,17.4,0
8609,-99.82,23.03,0
8610,-99.8,25.31,0
8611,-99.79,23.62,0
8612,-99.76,55.17,0
8613,-99.75,24.97,0
8614,-99.74,22.65,0
8615,-99.73,19.81,0
8616,-99.71,17.9,0
8617,-99.7,27.38,0
8618,-99.69,24.28,0
8619,-99.68,28.41,0
8620,-99.67,73.18,0
8621,-99.66,18.19,0
8622,-99.63,65.32,0
8623,-99.61,24.09,0
8624,-99.59,65.64,0
8625,-99.58,22.52,0
8626,-99.55,23.35,0
8627,-99.53,22.72,0
8628,-99.52,62.75,0
8629,-99.51,17.32,0
8630,-99.5,18.77,0
8631,-99.49,19.21,0
8632,-99.45,17.64,0
8633,-99.44,19.62,0
8634,-99.42,57.71,0
8635,-99.41,72.42,0
8636,-99.39,19.09,0
8637,-99.37,18.29,0
8638,-99.35,22.14,0
8639,-99.34,21.37,0
8640,-99.33,27.05,0
8641,-99.31,21.77,0
8642,-99.3,20.44,0
8643,-99.29,66.44,0
8644,-99.28,55.45,0
8645,-99.26,21.93,0
8646,-99.24,65.1,0
8647,-99.22,19.48,0
8648,-99.2,51.34,0
8649,-99.19,18.72,0
8650,-99.17,27.77,0
8651,-99.16,25.82,0
8652,-99.15,25.34,0
8653,-99.12,67.09,0
8654,-99.1,63.84,0
8655,-99.09,17.66,0
8656,-99.07,27.3,0
8657,-99.06,56.64,0
8658,-99.04,57.69,0
8659,-99.03,21.68,0
8660,-99,61.89,0
8661,-98.99,20.96,0
8662,-98.97,18.13,0
8663,-98.96,20.09,0
8664,-98.95,66.11,0
8665,-98.93,18.65,0
8666,-98.92,23.45,0
8667,-98.9,23.33,0
8668,-98.88,28.36,0
8669,-98.86,22.07,0
8670,-98.85,58.91,0
8671,-98.82,23.84,0
8672,-98.81,65.61,0
8673,-98.77,54.77,0
8674,-98.76,28.68,0
8675,-98.72,21.43,0
8676,-98.7,63.51,0
8677,-98.69,20.41,0
8678,-98.68,28.15,0
8679,-98.67,25.22,0
8680,-98.66,64.33,0
8681,-98.65,22.15,0
8682,-98.63,17.84,0
8683,-98.61,26.82,0
8684,-98.6,67.15,0
8685,-98.58,22.96,0
8686,-98.57,58.41,0
8687,-98.55,25.65,0
8688,-98.53,62.48,0
8689,-98.52,16.74,0
8690,-98.49,63.19,0
8691,-98.48,18.4,0
8692,-98.47,61.55,0
8693,-98.46,20.05,0
8694,-98.45,22.27,0
8695,-98.43,64.64,0
8696,-98.41,65.38,0
8697,-98.4,24.49,0
8698,-98.38,22.82,0
8699,-98.37,59.84,0
8700,-98.36,22.82,0
8701,-98.34,23.84,0
8702,-98.33,17.13,0
8703,-98.32,25.88,0
8704,-98.31,20.96,0
8705,-98.28,22.43,0
8706,-98.27,28.48,0
8707,-98.26,60.56,0
8708,-98.24,19.58,0
8709,-98.23,16.68,0
8710,-98.22,62.75,0
8711,-98.21,25.06,0
8712,-98.19,18.7,0
8713,-98.18,21.93,0
8714,-98.17,21.79,0
8715,-98.16,20.63,0
8716,-98.14,17.32,0
8717,-98.13,27.6,0
8718,-98.09,16.52,0
8719,-98.08,21.15,0
8720,-98.07,66.92,0
8721,-98.06,61.92,0
8722,-98.02,54.73,0
8723,-97.99,66.25,0
8724,-97.98,17.66,0
8725,-97.97,65.01,0
8726,-97.94,21.05,0
8727,-97.93,21.54,0
8728,-97.9,18.15,0
8729,-97.89,17.41,0
8730,-97.87,19.27,0
8731,-97.86,63.07,0
8732,-97.85,19.72,0
8733,-97.84,55.08,0
8734,-97.83,17.89,0
8735,-97.82,62.77,0
8736,-97.79,16.42,0
8737,-97.78,18.57,0
8738,-97.77,58.81,0
8739,-97.74,21.27,0
8740,-97.73,17.45,0
8741,-97.72,60.31,0
8742,-97.69,18.65,0
8743,-97.68,66.03,0
8744,-97.67,63.76,0
8745,-97.65,20.78,0
8746,-97.63,17.91,0
8747,-97.59,20,0
8748,-97.57,17.52,0
8749,-97.55,20.48,0
8750,-97.54,65.55,0
8751,-97.5,18.39,0
8752,-97.46,16.94,0
8753,-97.44,54.32,0
8754,-97.42,16.54,0
8755,-97.39,16.3,0
8756,-97.37,20.26,0
8757,-97.33,63.53,0
8758,-97.31,61.65,0
8759,-97.26,17.47,0
8760,-97.25,58.03,0
8761,-97.23,16.66,0
8762,-97.21,64.48,0
8763,-97.2,19.5,0
8764,-97.18,57.44,0
8765,-97.14,54.03,0
8766,-97.06,17.21,0
8767,-97.04,20.07,0
8768,-97,66.1,0
8769,-96.99,59.55,0
8770,-96.96,17.23,0
8771,-96.95,19.61,0
8772,-96.93,58.54,0
8773,-96.91,19.1,0
8774,-96.87,64.33,0
8775,-96.84,19.41,0
8776,-96.83,53.71,0
8777,-96.81,57.9,0
8778,-96.79,56.79,0
8779,-96.78,64.83,0
8780,-96.77,17.56,0
8781,-96.76,60.37,0
8782,-96.72,16.26,0
8783,-96.7,59.09,0
8784,-96.67,17.69,0
8785,-96.66,67.09,0
8786,-96.64,62.85,0
8787,-96.62,16.6,0
8788,-96.6,18.23,0
8789,-96.58,56,0
8790,-96.57,19.13,0
8791,-96.55,65.4,0
8792,-96.51,63.76,0
8793,-96.49,18.97,0
8794,-96.45,18.67,0
8795,-96.4,56.45,0
8796,-96.36,16.73,0
8797,-96.35,17.64,0
8798,-96.34,17.93,0
8799,-96.3,56.96,0
8800,-96.28,60.86,0
8801,-96.25,18.77,0
8802,-96.22,57.69,0
8803,-96.2,52.27,0
8804,-96.18,16.28,0
8805,-96.17,18.28,0
8806,-96.13,17.81,0
8807,-96.11,59.3,0
8808,-96.07,58.39,0
8809,-96.05,17.4,0
8810,-95.98,56.8,0
8811,-95.97,16.69,0
8812,-95.94,66.04,0
8813,-95.85,18.11,0
8814,-95.82,62.18,0
8815,-95.81,63.91,0
8816,-95.8,56.05,0
8817,-95.79,60.79,0
8818,-95.77,40.77,0
8819,-95.73,17.77,0
8820,-95.69,66.65,0
8821,-95.68,16.58,0
8822,-95.67,64.64,0
8823,-95.66,16.09,0
8824,-95.65,17.95,0
8825,-95.62,16.29,0
8826,-95.61,65.72,0
8827,-95.58,63.46,0
8828,-95.56,59.38,0
8829,-95.54,66.58,0
8830,-95.53,41.87,0
8831,-95.52,60.27,0
8832,-95.49,17.28,0
8833,-95.48,64.05,0
8834,-95.43,61.2,0
8835,-95.42,18.26,0
8836,-95.39,66.15,0
8837,-95.31,63.11,0
8838,-95.27,17.5,0
8839,-95.26,55.45,0
8840,-95.25,16.86,0
8841,-95.23,66.23,0
8842,-95.2,61.63,0
8843,-95.19,17.89,0
8844,-95.18,65.13,0
8845,-95.17,17.31,0
8846,-95.16,54.64,0
8847,-95.15,40.96,0
8848,-95.14,56.15,0
8849,-95.06,66.75,0
8850,-95.04,63.51,0
8851,-95.02,65.83,0
8852,-95.01,17.06,0
8853,-94.99,16.64,0
8854,-94.97,57.73,0
8855,-94.89,17.26,0
8856,-94.88,50.88,0
8857,-94.84,70.94,0
8858,-94.82,67.01,0
8859,-94.78,58.41,0
8860,-94.74,62.73,0
8861,-94.72,67.45,0
8862,-94.71,51.72,0
8863,-94.66,17.08,0
8864,-94.62,64.14,0
8865,-94.61,57.57,0
8866,-94.6,17.65,0
8867,-94.59,56.74,0
8868,-94.58,17.77,0
8869,-94.55,42.18,0
8870,-94.54,16.73,0
8871,-94.53,65.99,0
8872,-94.5,17.4,0
8873,-94.49,17.32,0
8874,-94.46,16.91,0
8875,-94.45,55.5,0
8876,-94.42,52.57,0
8877,-94.39,16.56,0
8878,-94.38,63.83,0
8879,-94.36,17.69,0
8880,-94.35,53.88,0
8881,-94.34,31.83,0
8882,-94.33,32.5,0
8883,-94.26,65.7,0
8884,-94.24,17.49,0
8885,-94.21,56.5,0
8886,-94.17,17.1,0
8887,-94.15,39.47,0
8888,-94.14,16.9,0
8889,-94.12,32.18,0
8890,-94.11,65.07,0
8891,-94.08,70.43,0
8892,-94.05,17.76,0
8893,-94.04,58.24,0
8894,-94.03,56.22,0
8895,-94.01,34.08,0
8896,-93.99,64.29,0
8897,-93.92,67.7,0
8898,-93.87,32.31,0
8899,-93.83,16.85,0
8900,-93.78,56.84,0
8901,-93.76,18.01,0
8902,-93.74,16.39,0
8903,-93.73,64.58,0
8904,-93.69,62.54,0
8905,-93.67,68.29,0
8906,-93.65,31.88,0
8907,-93.57,17.37,0
8908,-93.54,41.35,0
8909,-93.5,58.05,0
8910,-93.49,40.35,0
8911,-93.44,17.23,0
8912,-93.43,57.14,0
8913,-93.41,16.72,0
8914,-93.37,65.83,0
8915,-93.36,49.61,0
8916,-93.33,16.28,0
8917,-93.32,66.28,0
8918,-93.28,52.61,0
8919,-93.27,68.14,0
8920,-93.23,50.66,0
8921,-93.2,17,0
8922,-93.19,53.5,0
8923,-93.18,17.75,0
8924,-93.17,39.37,0
8925,-93.13,18.13,0
8926,-93.11,67.76,0
8927,-93.08,17.29,0
8928,-93.06,56.38,0
8929,-93.03,32.45,0
8930,-93.02,64.08,0
8931,-93.01,64.58,0
8932,-92.99,39.45,0
8933,-92.98,17.7,0
8934,-92.97,42.12,0
8935,-92.89,18.04,0
8936,-92.88,18.23,0
8937,-92.87,40.52,0
8938,-92.85,67.21,0
8939,-92.82,33.98,0
8940,-92.81,54.98,0
8941,-92.78,30.41,0
8942,-92.77,30.94,0
8943,-92.73,17.17,0
8944,-92.72,37.39,0
8945,-92.69,39.25,0
8946,-92.68,17.4,0
8947,-92.65,18.1,0
8948,-92.64,15.5,0
8949,-92.63,65.99,0
8950,-92.6,56,0
8951,-92.59,15.91,0
8952,-92.58,32.22,0
8953,-92.57,68.27,0
8954,-92.54,16.69,0
8955,-92.53,68.73,0
8956,-92.52,37.54,0
8957,-92.51,48.97,0
8958,-92.5,16.72,0
8959,-92.47,15.46,0
8960,-92.44,17.83,0
8961,-92.43,50.58,0
8962,-92.42,18.28,0
8963,-92.4,16.17,0
8964,-92.39,53.58,0
8965,-92.36,69.15,0
8966,-92.33,18.19,0
8967,-92.3,56.36,0
8968,-92.28,65.66,0
8969,-92.26,64.46,0
8970,-92.25,17.44,0
8971,-92.24,31.65,0
8972,-92.22,15.69,0
8973,-92.21,64.83,0
8974,-92.18,38.79,0
8975,-92.17,67.68,0
8976,-92.13,17.17,0
8977,-92.09,34.2,0
8978,-92.05,16.44,0
8979,-92.01,31.24,0
8980,-91.98,41.24,0
8981,-91.96,49.48,0
8982,-91.94,30.56,0
8983,-91.93,16.92,0
8984,-91.92,67.05,0
8985,-91.88,52.32,0
8986,-91.85,15.78,0
8987,-91.84,18.24,0
8988,-91.83,16.1,0
8989,-91.79,53.42,0
8990,-91.78,17.6,0
8991,-91.75,67.51,0
8992,-91.73,16.68,0
8993,-91.71,14.65,0
8994,-91.69,36.65,0
8995,-91.67,68.5,0
8996,-91.66,17.16,0
8997,-91.65,14.91,0
8998,-91.64,18.18,0
8999,-91.63,18.18,0
9000,-91.59,56.21,0
9001,-91.58,52.74,0
9002,-91.56,16.99,0
9003,-91.54,65.26,0
9004,-91.51,14.51,0
9005,-91.48,35.99,0
9006,-91.46,17.52,0
9007,-91.41,50.2,0
9008,-91.4,15.07,0
9009,-91.39,67.68,0
9010,-91.35,54.98,0
9011,-91.34,31.54,0
9012,-91.33,68.35,0
9013,-91.32,14.25,0
9014,-91.29,51.6,0
9015,-91.27,45.07,0
9016,-91.26,16.37,0
9017,-91.25,18.25,0
9018,-91.24,54.09,0
9019,-91.22,17.26,0
9020,-91.21,15.45,0
9021,-91.2,31.09,0
9022,-91.19,42.59,0
9023,-91.17,14.64,0
9024,-91.16,16.9,0
9025,-91.12,35.32,0
9026,-91.11,16.1,0
9027,-91.08,65.55,0
9028,-91.07,18.17,0
9029,-91.06,16.75,0
9030,-91.05,15.89,0
9031,-91.03,15.85,0
9032,-91.02,41.75,0
9033,-91.01,34.25,0
9034,-91,16.32,0
9035,-90.99,65.18,0
9036,-90.98,14.53,0
9037,-90.97,39.44,0
9038,-90.96,14.21,0
9039,-90.95,17.45,0
9040,-90.9,35.86,0
9041,-90.89,64.29,0
9042,-90.83,15.05,0
9043,-90.82,14.81,0
9044,-90.78,16.76,0
9045,-90.77,18.18,0
9046,-90.75,18.88,0
9047,-90.69,34.41,0
9048,-90.68,18.48,0
9049,-90.67,67.51,0
9050,-90.65,66.94,0
9051,-90.64,16.09,0
9052,-90.63,15.53,0
9053,-90.61,14.36,0
9054,-90.59,66.14,0
9055,-90.58,17.27,0
9056,-90.57,65.11,0
9057,-90.56,33.19,0
9058,-90.53,34.99,0
9059,-90.51,16.67,0
9060,-90.5,54.79,0
9061,-90.49,40.02,0
9062,-90.48,15.23,0
9063,-90.47,30.86,0
9064,-90.46,18.99,0
9065,-90.44,35.38,0
9066,-90.42,15.92,0
9067,-90.4,15.06,0
9068,-90.39,17.76,0
9069,-90.36,64.56,0
9070,-90.35,45.52,0
9071,-90.34,14.8,0
9072,-90.32,65.64,0
9073,-90.31,56.67,0
9074,-90.3,67.74,0
9075,-90.29,17.11,0
9076,-90.28,37.43,0
9077,-90.27,14.42,0
9078,-90.26,53.41,0
9079,-90.24,17.57,0
9080,-90.23,16.23,0
9081,-90.21,52.26,0
9082,-90.19,15.54,0
9083,-90.13,17.49,0
9084,-90.11,14.56,0
9085,-90.1,67.13,0
9086,-90.08,20.74,0
9087,-90.07,19.28,0
9088,-90.05,16.83,0
9089,-90.04,40.33,0
9090,-90.02,31.94,0
9091,-90.01,18.5,0
9092,-89.98,66.67,0
9093,-89.97,19.94,0
9094,-89.94,20.41,0
9095,-89.89,32.82,0
9096,-89.88,15.84,0
9097,-89.85,13.97,0
9098,-89.84,15.51,0
9099,-89.83,52.55,0
9100,-89.82,14.55,0
9101,-89.79,35.91,0
9102,-89.77,14.81,0
9103,-89.76,49.06,0
9104,-89.74,16.61,0
9105,-89.72,15.37,0
9106,-89.7,16.92,0
9107,-89.69,33.41,0
9108,-89.68,17.74,0
9109,-89.65,13.81,0
9110,-89.64,20.58,0
9111,-89.62,68.02,0
9112,-89.6,18.68,0
9113,-89.58,31.37,0
9114,-89.57,19.13,0
9115,-89.55,16.77,0
9116,-89.54,15.17,0
9117,-89.53,45.68,0
9118,-89.5,19.87,0
9119,-89.49,33.31,0
9120,-89.47,15.67,0
9121,-89.46,37.52,0
9122,-89.44,19.61,0
9123,-89.42,56.08,0
9124,-89.41,67.59,0
9125,-89.4,53.55,0
9126,-89.39,17.15,0
9127,-89.38,15.99,0
9128,-89.37,65.07,0
9129,-89.36,14.85,0
9130,-89.35,72.25,0
9131,-89.34,49.9,0
9132,-89.32,39.32,0
9133,-89.3,14.57,0
9134,-89.29,20.66,0
9135,-89.26,51.26,0
9136,-89.24,16.38,0
9137,-89.22,68.27,0
9138,-89.21,19.92,0
9139,-89.2,34.37,0
9140,-89.19,18.2,0
9141,-89.17,66.96,0
9142,-89.16,15.35,0
9143,-89.15,13.93,0
9144,-89.14,15.74,0
9145,-89.12,64.73,0
9146,-89.1,15.04,0
9147,-89.09,66.31,0
9148,-89.08,17.18,0
9149,-89.04,19.26,0
9150,-89.03,20.82,0
9151,-89.01,14.65,0
9152,-89,18.89,0
9153,-88.99,13.6,0
9154,-88.98,16.2,0
9155,-88.96,15.26,0
9156,-88.95,14.11,0
9157,-88.94,36.92,0
9158,-88.92,16.87,0
9159,-88.91,72.54,0
9160,-88.9,34.02,0
9161,-88.89,16.64,0
9162,-88.87,18.47,0
9163,-88.86,37.77,0
9164,-88.84,15.14,0
9165,-88.83,52.02,0
9166,-88.82,14.42,0
9167,-88.8,64.22,0
9168,-88.79,17.1,0
9169,-88.77,31.93,0
9170,-88.76,17.41,0
9171,-88.74,30.86,0
9172,-88.72,70.69,0
9173,-88.69,52.26,0
9174,-88.66,17.49,0
9175,-88.64,50.84,0
9176,-88.63,39.32,0
9177,-88.62,20.11,0
9178,-88.61,19.32,0
9179,-88.58,20.49,0
9180,-88.57,13.45,0
9181,-88.56,21.15,0
9182,-88.55,66.75,0
9183,-88.54,18.87,0
9184,-88.53,68.79,0
9185,-88.52,15.3,0
9186,-88.51,14.07,0
9187,-88.5,38.71,0
9188,-88.49,55.79,0
9189,-88.46,65.07,0
9190,-88.45,32.66,0
9191,-88.43,32.31,0
9192,-88.42,17.83,0
9193,-88.41,14.56,0
9194,-88.4,19.37,0
9195,-88.37,20.35,0
9196,-88.36,64.71,0
9197,-88.35,33.55,0
9198,-88.34,70.75,0
9199,-88.32,15.3,0
9200,-88.31,40.58,0
9201,-88.3,14.97,0
9202,-88.29,21,0
9203,-88.28,14.31,0
9204,-88.27,40.7,0
9205,-88.26,20.55,0
9206,-88.25,13.32,0
9207,-88.24,71.7,0
9208,-88.22,21.34,0
9209,-88.21,14.3,0
9210,-88.2,50.54,0
9211,-88.19,73.18,0
9212,-88.16,37.65,0
9213,-88.11,66.88,0
9214,-88.1,14.95,0
9215,-88.08,14.67,0
9216,-88.06,37.67,0
9217,-88.03,55.07,0
9218,-88.02,14.14,0
9219,-88,70.75,0
9220,-87.98,72.78,0
9221,-87.97,54.4,0
9222,-87.94,31.6,0
9223,-87.9,20.87,0
9224,-87.88,14.92,0
9225,-87.87,14.36,0
9226,-87.84,30.77,0
9227,-87.83,21.35,0
9228,-87.81,65.78,0
9229,-87.79,31.18,0
9230,-87.77,33.65,0
9231,-87.73,71.96,0
9232,-87.72,32.67,0
9233,-87.71,38.08,0
9234,-87.66,15.44,0
9235,-87.65,14.44,0
9236,-87.64,21.14,0
9237,-87.63,15.65,0
9238,-87.62,15.21,0
9239,-87.61,13.72,0
9240,-87.59,55.69,0
9241,-87.58,14.06,0
9242,-87.55,37.39,0
9243,-87.54,66.69,0
9244,-87.53,20.97,0
9245,-87.51,14.89,0
9246,-87.49,14.4,0
9247,-87.47,15.2,0
9248,-87.45,51.64,0
9249,-87.44,32.22,0
9250,-87.42,21.16,0
9251,-87.35,65.94,0
9252,-87.32,14.16,0
9253,-87.31,54.36,0
9254,-87.29,15.36,0
9255,-87.28,13.81,0
9256,-87.25,15.56,0
9257,-87.22,72.12,0
9258,-87.2,14.56,0
9259,-87.19,40.57,0
9260,-87.18,52.61,0
9261,-87.16,72.69,0
9262,-87.12,73.32,0
9263,-87.1,31.49,0
9264,-87.09,15.36,0
9265,-87.08,15.55,0
9266,-87.05,51.68,0
9267,-87.04,32.66,0
9268,-87,39.63,0
9269,-86.95,13.57,0
9270,-86.94,14.85,0
9271,-86.89,14.09,0
9272,-86.86,14.46,0
9273,-86.81,15.02,0
9274,-86.8,12.73,0
9275,-86.79,38.45,0
9276,-86.74,38.22,0
9277,-86.73,15.3,0
9278,-86.71,70.65,0
9279,-86.7,13.43,0
9280,-86.69,53.74,0
9281,-86.68,12.39,0
9282,-86.66,34.33,0
9283,-86.65,35.49,0
9284,-86.64,52.93,0
9285,-86.63,73.26,0
9286,-86.61,12.1,0
9287,-86.6,37.61,0
9288,-86.59,50.45,0
9289,-86.55,13.29,0
9290,-86.53,14.13,0
9291,-86.51,14.63,0
9292,-86.5,40.58,0
9293,-86.49,13.03,0
9294,-86.42,78.51,0
9295,-86.39,15.09,0
9296,-86.38,77.11,0
9297,-86.37,35.92,0
9298,-86.36,67.17,0
9299,-86.35,13.76,0
9300,-86.34,12.34,0
9301,-86.31,15.35,0
9302,-86.3,12.14,0
9303,-86.27,13.29,0
9304,-86.26,37.67,0
9305,-86.25,33.35,0
9306,-86.24,30.75,0
9307,-86.23,37.26,0
9308,-86.22,34.25,0
9309,-86.21,54.26,0
9310,-86.19,13.1,0
9311,-86.17,33.79,0
9312,-86.15,70.75,0
9313,-86.13,32.48,0
9314,-86.12,13.47,0
9315,-86.1,70.33,0
9316,-86.07,37.91,0
9317,-86.05,34.58,0
9318,-86.04,66.88,0
9319,-86.02,13.82,0
9320,-85.96,14.21,0
9321,-85.94,12.78,0
9322,-85.91,49.23,0
9323,-85.9,12.1,0
9324,-85.88,15.53,0
9325,-85.87,65.57,0
9326,-85.86,13.68,0
9327,-85.83,32.71,0
9328,-85.82,14.94,0
9329,-85.81,32.07,0
9330,-85.8,12.31,0
9331,-85.79,14.82,0
9332,-85.77,15.71,0
9333,-85.75,64.94,0
9334,-85.74,52.23,0
9335,-85.72,31.25,0
9336,-85.7,15.38,0
9337,-85.68,14.09,0
9338,-85.67,35.05,0
9339,-85.65,50.72,0
9340,-85.64,52.22,0
9341,-85.62,13.17,0
9342,-85.61,13.77,0
9343,-85.58,15.15,0
9344,-85.55,31.69,0
9345,-85.49,38.87,0
9346,-85.47,66.84,0
9347,-85.46,12.19,0
9348,-85.45,64.21,0
9349,-85.43,70.4,0
9350,-85.41,65.57,0
9351,-85.4,51.17,0
9352,-85.39,12.37,0
9353,-85.37,68.08,0
9354,-85.36,13.24,0
9355,-85.34,14.38,0
9356,-85.33,10.82,0
9357,-85.32,53.8,0
9358,-85.31,33.19,0
9359,-85.26,63.46,0
9360,-85.24,13.05,0
9361,-85.21,52.93,0
9362,-85.19,12.66,0
9363,-85.18,32.77,0
9364,-85.16,36.44,0
9365,-85.14,10.84,0
9366,-85.13,14.4,0
9367,-85.12,10.65,0
9368,-85.11,15.29,0
9369,-85.1,44.04,0
9370,-85.09,65,0
9371,-85.08,37.47,0
9372,-85.07,68.25,0
9373,-85.04,13.59,0
9374,-85.03,12.11,0
9375,-85.02,63.74,0
9376,-85.01,15.02,0
9377,-85,12.36,0
9378,-84.99,49.34,0
9379,-84.98,39.69,0
9380,-84.96,34.68,0
9381,-84.94,11.78,0
9382,-84.89,10.97,0
9383,-84.88,13.91,0
9384,-84.87,13.28,0
9385,-84.86,43.49,0
9386,-84.85,11.34,0
9387,-84.84,30.26,0
9388,-84.83,31.83,0
9389,-84.81,10.84,0
9390,-84.8,13.71,0
9391,-84.79,31.48,0
9392,-84.78,15.7,0
9393,-84.77,10.5,0
9394,-84.75,42.06,0
9395,-84.74,12.12,0
9396,-84.73,14.47,0
9397,-84.72,15.36,0
9398,-84.69,14.65,0
9399,-84.68,15.12,0
9400,-84.67,10.29,0
9401,-84.65,11.09,0
9402,-84.64,53.42,0
9403,-84.63,38.21,0
9404,-84.62,12.4,0
9405,-84.6,70.26,0
9406,-84.58,39.3,0
9407,-84.54,10.72,0
9408,-84.52,10.4,0
9409,-84.48,70.71,0
9410,-84.47,31.75,0
9411,-84.45,15.56,0
9412,-84.44,13.77,0
9413,-84.43,52.65,0
9414,-84.41,13.01,0
9415,-84.4,14.38,0
9416,-84.39,10.18,0
9417,-84.37,15.31,0
9418,-84.36,67.09,0
9419,-84.35,11.92,0
9420,-84.31,31.97,0
9421,-84.3,12.11,0
9422,-84.29,12.61,0
9423,-84.28,11.34,0
9424,-84.27,70.54,0
9425,-84.26,10.4,0
9426,-84.25,11.68,0
9427,-84.24,10.2,0
9428,-84.2,32.78,0
9429,-84.19,33.35,0
9430,-84.18,12.98,0
9431,-84.17,64.65,0
9432,-84.16,72.61,0
9433,-84.14,15.15,0
9434,-84.13,54.05,0
9435,-84.11,10.85,0
9436,-84.1,13.94,0
9437,-84.09,40.58,0
9438,-84.07,14.19,0
9439,-84.04,10.48,0
9440,-84.02,10.66,0
9441,-84,71.47,0
9442,-83.98,70.99,0
9443,-83.96,10.23,0
9444,-83.94,10.75,0
9445,-83.89,35.31,0
9446,-83.88,14.69,0
9447,-83.86,48.08,0
9448,-83.85,9.97,0
9449,-83.84,10.5,0
9450,-83.81,10.74,0
9451,-83.8,13.47,0
9452,-83.78,32.8,0
9453,-83.77,14.45,0
9454,-83.75,32.17,0
9455,-83.74,31.72,0
9456,-83.72,9.43,0
9457,-83.71,10.34,0
9458,-83.67,9.61,0
9459,-83.65,9.97,0
9460,-83.64,51.31,0
9461,-83.63,77.92,0
9462,-83.62,35.46,0
9463,-83.61,13.82,0
9464,-83.6,67.17,0
9465,-83.57,14.14,0
9466,-83.56,71.7,0
9467,-83.52,14.38,0
9468,-83.49,9.26,0
9469,-83.47,9.74,0
9470,-83.46,30.79,0
9471,-83.45,69.24,0
9472,-83.43,67.78,0
9473,-83.42,48.55,0
9474,-83.38,47.47,0
9475,-83.37,34.92,0
9476,-83.36,9.58,0
9477,-83.34,64.35,0
9478,-83.32,41.23,0
9479,-83.31,14.38,0
9480,-83.3,36.69,0
9481,-83.29,49.9,0
9482,-83.28,33.11,0
9483,-83.22,9.15,0
9484,-83.21,40.11,0
9485,-83.2,38.79,0
9486,-83.18,9.32,0
9487,-83.15,30.99,0
9488,-83.13,72.1,0
9489,-83.12,33.6,0
9490,-83.11,9.62,0
9491,-83.1,31.59,0
9492,-83.08,67.13,0
9493,-83.03,68.06,0
9494,-82.98,9.31,0
9495,-82.96,38.12,0
9496,-82.95,54.69,0
9497,-82.92,70.82,0
9498,-82.91,33.02,0
9499,-82.9,71.24,0
9500,-82.87,53.42,0
9501,-82.84,69.32,0
9502,-82.82,52.7,0
9503,-82.79,52.55,0
9504,-82.78,73.09,0
9505,-82.76,40.02,0
9506,-82.75,33.38,0
9507,-82.74,9.08,0
9508,-82.71,34.13,0
9509,-82.67,9.31,0
9510,-82.64,51.19,0
9511,-82.63,35.99,0
9512,-82.62,37.33,0
9513,-82.59,31.44,0
9514,-82.57,9.02,0
9515,-82.56,46.71,0
9516,-82.53,30.84,0
9517,-82.48,31.2,0
9518,-82.46,71.18,0
9519,-82.44,40.22,0
9520,-82.41,37.58,0
9521,-82.39,30.55,0
9522,-82.38,31.52,0
9523,-82.36,29.8,0
9524,-82.35,32.43,0
9525,-82.31,67.78,0
9526,-82.3,50.4,0
9527,-82.29,71.79,0
9528,-82.27,71.02,0
9529,-82.23,49.82,0
9530,-82.22,38.16,0
9531,-82.19,31.87,0
9532,-82.15,33.88,0
9533,-82.14,27.58,0
9534,-82.12,40.55,0
9535,-82.09,38.99,0
9536,-82.06,50.95,0
9537,-82.04,36.3,0
9538,-82.03,29.32,0
9539,-82.02,72.02,0
9540,-82,8.67,0
9541,-81.98,51.35,0
9542,-81.97,34.84,0
9543,-81.96,37.65,0
9544,-81.95,70.96,0
9545,-81.94,37.82,0
9546,-81.93,71.65,0
9547,-81.92,27.9,0
9548,-81.9,27.47,0
9549,-81.87,37.19,0
9550,-81.85,67.43,0
9551,-81.82,30.89,0
9552,-81.8,8.35,0
9553,-81.79,31.62,0
9554,-81.77,37.88,0
9555,-81.73,40.69,0
9556,-81.67,8.63,0
9557,-81.64,38.74,0
9558,-81.61,39.97,0
9559,-81.6,37.48,0
9560,-81.59,71.37,0
9561,-81.58,27.23,0
9562,-81.56,8.28,0
9563,-81.53,40.2,0
9564,-81.51,71.66,0
9565,-81.49,28.15,0
9566,-81.48,32.83,0
9567,-81.47,51.13,0
9568,-81.46,39.24,0
9569,-81.41,29.09,0
9570,-81.39,27.46,0
9571,-81.38,38.39,0
9572,-81.34,39.62,0
9573,-81.3,8.17,0
9574,-81.26,8.63,0
9575,-81.24,50.69,0
9576,-81.17,8.43,0
9577,-81.11,36.79,0
9578,-81.1,8.12,0
9579,-81.09,33.31,0
9580,-81.07,34.61,0
9581,-81.04,41,0
9582,-81.03,26.94,0
9583,-81.02,40.45,0
9584,-81,41.35,0
9585,-80.97,39.84,0
9586,-80.96,35.97,0
9587,-80.93,39.16,0
9588,-80.91,32.68,0
9589,-80.89,38.61,0
9590,-80.88,8.31,0
9591,-80.83,71.53,0
9592,-80.82,8.68,0
9593,-80.8,40,0
9594,-80.77,7.86,0
9595,-80.72,22.61,0
9596,-80.7,8.1,0
9597,-80.69,32.61,0
9598,-80.68,7.35,0
9599,-80.67,36.1,0
9600,-80.66,7.62,0
9601,-80.65,25.61,0
9602,-80.63,8.44,0
9603,-80.62,34.08,0
9604,-80.61,39.53,0
9605,-80.6,26.13,0
9606,-80.57,26.59,0
9607,-80.56,33.45,0
9608,-80.48,8.74,0
9609,-80.46,7.69,0
9610,-80.41,33.31,0
9611,-80.4,50.72,0
9612,-80.38,36.85,0
9613,-80.37,49.16,0
9614,-80.31,38.5,0
9615,-80.28,50.11,0
9616,-80.24,33.83,0
9617,-80.23,36.83,0
9618,-80.22,7.56,0
9619,-80.19,8.68,0
9620,-80.18,38.17,0
9621,-80.16,47.03,0
9622,-80.12,41.01,0
9623,-80.11,38.78,0
9624,-80.09,37.83,0
9625,-80.07,34.48,0
9626,-80.02,43.59,0
9627,-80.01,41.74,0
9628,-79.97,37.14,0
9629,-79.95,48.21,0
9630,-79.91,39.99,0
9631,-79.88,36.59,0
9632,-79.86,70.64,0
9633,-79.85,38.1,0
9634,-79.81,33.59,0
9635,-79.79,48.92,0
9636,-79.78,41.95,0
9637,-79.74,45.47,0
9638,-79.73,71.61,0
9639,-79.69,22.24,0
9640,-79.68,34.61,0
9641,-79.66,9.07,0
9642,-79.62,46.15,0
9643,-79.61,40.93,0
9644,-79.59,43.8,0
9645,-79.58,38.19,0
9646,-79.57,41.19,0
9647,-79.56,40.13,0
9648,-79.54,41.9,0
9649,-79.53,33.99,0
9650,-79.52,34.64,0
9651,-79.49,9.27,0
9652,-79.48,44.98,0
9653,-79.42,41.63,0
9654,-79.4,46.4,0
9655,-79.39,37.32,0
9656,-79.34,37.52,0
9657,-79.3,36.15,0
9658,-79.22,36.41,0
9659,-79.17,9.31,0
9660,-79.15,49.36,0
9661,-79.14,71.32,0
9662,-79.13,50.8,0
9663,-79.11,50.34,0
9664,-79.08,41.01,0
9665,-79.05,48.34,0
9666,-79.03,34.51,0
9667,-78.97,49.99,0
9668,-78.91,40.07,0
9669,-78.9,46.65,0
9670,-78.89,38.34,0
9671,-78.87,45.54,0
9672,-78.85,37.29,0
9673,-78.81,41.64,0
9674,-78.8,39.08,0
9675,-78.76,47.03,0
9676,-78.75,38.94,0
9677,-78.68,50.71,0
9678,-78.61,40.93,0
9679,-78.59,50.43,0
9680,-78.57,36.85,0
9681,-78.55,54.6,0
9682,-78.51,36.48,0
9683,-78.5,46.26,0
9684,-78.47,37.03,0
9685,-78.46,48.25,0
9686,-78.44,70.97,0
9687,-78.42,47.74,0
9688,-78.39,47.02,0
9689,-78.37,35.18,0
9690,-78.36,50.6,0
9691,-78.35,49.25,0
9692,-78.34,49.77,0
9693,-78.3,8.81,0
9694,-78.25,38.49,0
9695,-78.24,36.53,0
9696,-78.21,39.63,0
9697,-78.17,54.43,0
9698,-78.16,21.87,0
9699,-78.15,37.87,0
9700,-78.14,52.01,0
9701,-78.13,48.66,0
9702,-78.1,39.89,0
9703,-78.08,48.08,0
9704,-78.07,37.13,0
9705,-78.04,70.57,0
9706,-78.02,51.72,0
9707,-78.01,35.21,0
9708,-78,53.86,0
9709,-77.98,49.18,0
9710,-77.97,8.47,0
9711,-77.93,36.43,0
9712,-77.91,8.83,0
9713,-77.9,52.23,0
9714,-77.87,51.5,0
9715,-77.85,36.8,0
9716,-77.81,45.6,0
9717,-77.77,40.15,0
9718,-77.75,58.77,0
9719,-77.74,70.97,0
9720,-77.73,7.98,0
9721,-77.72,42.28,0
9722,-77.66,42.31,0
9723,-77.65,8.18,0
9724,-77.63,8.47,0
9725,-77.62,41.7,0
9726,-77.61,35.75,0
9727,-77.6,47.58,0
9728,-77.58,36.6,0
9729,-77.57,44.77,0
9730,-77.55,41.4,0
9731,-77.54,50.93,0
9732,-77.53,51.34,0
9733,-77.52,46.71,0
9734,-77.5,8.15,0
9735,-77.49,45.17,0
9736,-77.47,45.63,0
9737,-77.46,42.78,0
9738,-77.45,52.74,0
9739,-77.44,42.62,0
9740,-77.41,35.95,0
9741,-77.36,36.78,0
9742,-77.34,59.63,0
9743,-77.33,50.58,0
9744,-77.29,61.02,0
9745,-77.28,72.31,0
9746,-77.24,40.56,0
9747,-77.23,54.56,0
9748,-77.21,39.77,0
9749,-77.19,47.75,0
9750,-77.18,50.19,0
9751,-77.17,41.64,0
9752,-77.15,20.87,0
9753,-77.14,58.41,0
9754,-77.13,37.62,0
9755,-77.12,42.41,0
9756,-77.09,60.54,0
9757,-77.08,44.58,0
9758,-77.05,35.99,0
9759,-77.04,37.39,0
9760,-77.03,40.48,0
9761,-77.02,36.55,0
9762,-77,47.47,0
9763,-76.97,52.46,0
9764,-76.94,53.33,0
9765,-76.93,47.89,0
9766,-76.92,58.78,0
9767,-76.9,45.55,0
9768,-76.89,51.48,0
9769,-76.84,59.89,0
9770,-76.83,51.98,0
9771,-76.81,60.4,0
9772,-76.8,41.26,0
9773,-76.77,58.28,0
9774,-76.75,42.12,0
9775,-76.72,61.69,0
9776,-76.7,40.11,0
9777,-76.69,71.66,0
9778,-76.67,45.85,0
9779,-76.65,46.2,0
9780,-76.62,40.5,0
9781,-76.59,58.53,0
9782,-76.55,55.68,0
9783,-76.54,70.27,0
9784,-76.53,46.86,0
9785,-76.52,20.79,0
9786,-76.51,54,0
9787,-76.5,58.99,0
9788,-76.47,41.27,0
9789,-76.43,47.91,0
9790,-76.4,61.26,0
9791,-76.39,48.85,0
9792,-76.35,60.42,0
9793,-76.34,59.54,0
9794,-76.33,42.28,0
9795,-76.3,59.9,0
9796,-76.28,50.59,0
9797,-76.26,51.22,0
9798,-76.24,52.81,0
9799,-76.23,48.3,0
9800,-76.22,71.57,0
9801,-76.21,41.75,0
9802,-76.2,44.73,0
9803,-76.18,46.6,0
9804,-76.16,49.46,0
9805,-76.1,53.51,0
9806,-76.08,39.78,0
9807,-76.06,48.05,0
9808,-76.03,71.18,0
9809,-76.02,61.59,0
9810,-76,56.64,0
9811,-75.99,47.29,0
9812,-75.97,57.73,0
9813,-75.95,40.27,0
9814,-75.94,42.83,0
9815,-75.93,49.99,0
9816,-75.91,48.71,0
9817,-75.86,46.76,0
9818,-75.84,53.33,0
9819,-75.82,43.45,0
9820,-75.8,38.71,0
9821,-75.79,55.73,0
9822,-75.77,42.95,0
9823,-75.75,42.63,0
9824,-75.74,69.85,0
9825,-75.72,58.43,0
9826,-75.71,52.03,0
9827,-75.7,59.44,0
9828,-75.67,56.23,0
9829,-75.66,47.07,0
9830,-75.65,43.93,0
9831,-75.64,40.2,0
9832,-75.63,71.06,0
9833,-75.62,59.07,0
9834,-75.6,53.8,0
9835,-75.51,40.72,0
9836,-75.5,57.86,0
9837,-75.49,70.29,0
9838,-75.48,47.2,0
9839,-75.47,42.33,0
9840,-75.46,69.7,0
9841,-75.45,38.35,0
9842,-75.43,52.55,0
9843,-75.42,44.01,0
9844,-75.41,38.56,0
9845,-75.4,49.59,0
9846,-75.38,49.01,0
9847,-75.37,54.39,0
9848,-75.36,43.6,0
9849,-75.33,60.59,0
9850,-75.3,43,0
9851,-75.25,53.08,0
9852,-75.21,57.42,0
9853,-75.18,42,0
9854,-75.17,42.59,0
9855,-75.16,53.69,0
9856,-75.15,48.45,0
9857,-75.13,69.26,0
9858,-75.12,49.77,0
9859,-75.1,61.7,0
9860,-75.08,53.32,0
9861,-75.06,50.53,0
9862,-75.05,55.37,0
9863,-75.04,46.22,0
9864,-75.02,58.45,0
9865,-75.01,57.7,0
9866,-74.99,41.2,0
9867,-74.96,45.03,0
9868,-74.95,49.27,0
9869,-74.93,54.65,0
9870,-74.92,52.44,0
9871,-74.91,52.12,0
9872,-74.89,40.58,0
9873,-74.87,41.41,0
9874,-74.84,44.6,0
9875,-74.82,39.71,0
9876,-74.79,41.83,0
9877,-74.77,58.65,0
9878,-74.76,59.36,0
9879,-74.74,41.59,0
9880,-74.73,52.78,0
9881,-74.72,42.33,0
9882,-74.71,69.55,0
9883,-74.68,55.87,0
9884,-74.65,46.73,0
9885,-74.64,54.83,0
9886,-74.63,52.04,0
9887,-74.62,43.99,0
9888,-74.58,54.11,0
9889,-74.57,50.28,0
9890,-74.56,58.83,0
9891,-74.52,57.04,0
9892,-74.51,49,0
9893,-74.49,45.27,0
9894,-74.48,57.45,0
9895,-74.45,40.11,0
9896,-74.43,42.39,0
9897,-74.42,44.2,0
9898,-74.4,50.67,0
9899,-74.36,61.29,0
9900,-74.35,53.79,0
9901,-74.34,43.99,0
9902,-74.33,60.72,0
9903,-74.32,51.85,0
9904,-74.3,59.98,0
9905,-74.29,42.52,0
9906,-74.27,41.28,0
9907,-74.25,45.41,0
9908,-74.22,48.76,0
9909,-74.2,43.49,0
9910,-74.19,47.52,0
9911,-74.14,43.01,0
9912,-74.13,42.75,0
9913,-74.12,49.69,0
9914,-74.11,55.79,0
9915,-74.1,69.47,0
9916,-74.09,51.7,0
9917,-74.07,46.35,0
9918,-74.05,57.93,0
9919,-74.03,55.12,0
9920,-74.02,47.24,0
9921,-74,54.45,0
9922,-73.99,69.76,0
9923,-73.98,53.29,0
9924,-73.95,48.6,0
9925,-73.91,44.77,0
9926,-73.9,60.61,0
9927,-73.89,51.02,0
9928,-73.88,53.02,0
9929,-73.86,53.8,0
9930,-73.84,58.63,0
9931,-73.83,61.11,0
9932,-73.81,56.12,0
9933,-73.8,58.19,0
9934,-73.79,41.87,0
9935,-73.78,44.94,0
9936,-73.77,69.2,0
9937,-73.73,41.59,0
9938,-73.72,51.22,0
9939,-73.71,50.31,0
9940,-73.7,45.29,0
9941,-73.69,61.52,0
9942,-73.68,42.58,0
9943,-73.66,59.09,0
9944,-73.64,47.35,0
9945,-73.6,59.88,0
9946,-73.56,42.17,0
9947,-73.55,53.53,0
9948,-73.53,46.2,0
9949,-73.51,57.08,0
9950,-73.48,55.63,0
9951,-73.46,56.01,0
9952,-73.45,44.52,0
9953,-73.43,48.25,0
9954,-73.4,49.74,0
9955,-73.39,41.43,0
9956,-73.37,60.87,0
9957,-73.35,42.37,0
9958,-73.3,69.24,0
9959,-73.27,41.69,0
9960,-73.26,59.05,0
9961,-73.25,43.03,0
9962,-73.24,54.73,0
9963,-73.23,65.68,0
9964,-73.22,48.59,0
9965,-73.21,44.92,0
9966,-73.2,51.78,0
9967,-73.17,56.81,0
9968,-73.14,54.16,0
9969,-73.13,64.94,0
9970,-73.09,58.66,0
9971,-73.07,44.65,0
9972,-73.06,42.28,0
9973,-73.05,49.35,0
9974,-73.02,45.68,0
9975,-72.99,46.68,0
9976,-72.97,51.16,0
9977,-72.96,69.03,0
9978,-72.95,42.75,0
9979,-72.92,59.6,0
9980,-72.91,43.69,0
9981,-72.9,45.45,0
9982,-72.88,50.28,0
9983,-72.86,58.45,0
9984,-72.85,65.83,0
9985,-72.84,51.68,0
9986,-72.83,41.98,0
9987,-72.82,48.64,0
9988,-72.81,69.66,0
9989,-72.8,43.18,0
9990,-72.78,51.49,0
9991,-72.76,45.99,0
9992,-72.75,53.88,0
9993,-72.73,58.04,0
9994,-72.72,53.36,0
9995,-72.71,52.1,0
9996,-72.7,49.3,0
9997,-72.67,59.89,0
9998,-72.65,45.63,0
9999,-72.63,55.49,0
10000,-72.62,52.78,0
10001,-72.6,71.18,0
10002,-72.58,47.15,0
10003,-72.56,48.31,0
10004,-72.51,64.37,0
10005,-72.5,47.03,0
10006,-72.48,43.71,0
10007,-72.47,44.33,0
10008,-72.45,53.06,0
10009,-72.42,60.38,0
10010,-72.38,52.38,0
10011,-72.37,65.21,0
10012,-72.36,48.94,0
10013,-72.34,61.33,0
10014,-72.33,51.65,0
10015,-72.32,47.58,0
10016,-72.31,65.63,0
10017,-72.29,55.72,0
10018,-72.28,43.59,0
10019,-72.27,52.83,0
10020,-72.24,57.38,0
10021,-72.22,46.94,0
10022,-72.2,48.97,0
10023,-72.19,48.42,0
10024,-72.18,71.26,0
10025,-72.17,54.82,0
10026,-72.16,64.84,0
10027,-72.14,42.2,0
10028,-72.13,51.95,0
10029,-72.08,56.7,0
10030,-72.07,64.33,0
10031,-72.05,69.24,0
10032,-72.04,51.63,0
10033,-72.03,55.85,0
10034,-72.02,46.16,0
10035,-72.01,68.21,0
10036,-71.99,44.37,0
10037,-71.98,54.07,0
10038,-71.97,50.21,0
10039,-71.95,18.63,0
10040,-71.93,65.23,0
10041,-71.92,48.82,0
10042,-71.89,51.91,0
10043,-71.88,49.6,0
10044,-71.87,47.28,0
10045,-71.86,59.09,0
10046,-71.85,51.05,0
10047,-71.84,59.7,0
10048,-71.82,52.67,0
10049,-71.8,43.89,0
10050,-71.78,41.85,0
10051,-71.77,57.73,0
10052,-71.74,45.89,0
10053,-71.72,53.41,0
10054,-71.69,19.01,0
10055,-71.65,64.33,0
10056,-71.63,42.76,0
10057,-71.62,44.26,0
10058,-71.61,53.8,0
10059,-71.6,51.56,0
10060,-71.59,56.61,0
10061,-71.57,68.14,0
10062,-71.53,43.75,0
10063,-71.52,18.42,0
10064,-71.5,58.19,0
10065,-71.49,56.11,0
10066,-71.48,47.75,0
10067,-71.47,42.27,0
10068,-71.46,69.62,0
10069,-71.45,48.12,0
10070,-71.44,60.76,0
10071,-71.43,52.93,0
10072,-71.42,51.91,0
10073,-71.4,55.69,0
10074,-71.38,54.34,0
10075,-71.37,45.71,0
10076,-71.35,44.62,0
10077,-71.33,49.7,0
10078,-71.32,42.64,0
10079,-71.31,58.75,0
10080,-71.29,68.58,0
10081,-71.27,43.59,0
10082,-71.25,56.15,0
10083,-71.23,50.5,0
10084,-71.21,63.85,0
10085,-71.2,55.23,0
10086,-71.19,46.47,0
10087,-71.16,43.91,0
10088,-71.15,43.16,0
10089,-71.13,65.32,0
10090,-71.1,54.47,0
10091,-71.09,48.64,0
10092,-71.08,45.39,0
10093,-71.06,59.68,0
10094,-71.05,50.71,0
10095,-71.03,52.86,0
10096,-71.02,57.35,0
10097,-71.01,45.91,0
10098,-71,51.96,0
10099,-70.99,60.23,0
10100,-70.97,51.64,0
10101,-70.94,67.3,0
10102,-70.9,44.59,0
10103,-70.89,50.41,0
10104,-70.88,54.79,0
10105,-70.87,69.68,0
10106,-70.85,18.88,0
10107,-70.81,53.26,0
10108,-70.79,45.31,0
10109,-70.77,44.23,0
10110,-70.75,46.76,0
10111,-70.72,63.44,0
10112,-70.7,55.39,0
10113,-70.66,56.13,0
10114,-70.65,55.09,0
10115,-70.64,65.53,0
10116,-70.6,64.69,0
10117,-70.59,46.14,0
10118,-70.56,69.2,0
10119,-70.55,64.38,0
10120,-70.54,44.54,0
10121,-70.51,68.73,0
10122,-70.49,63.85,0
10123,-70.47,53.75,0
10124,-70.44,48.54,0
10125,-70.43,67.28,0
10126,-70.42,51.89,0
10127,-70.41,60.34,0
10128,-70.39,55.82,0
10129,-70.37,44.3,0
10130,-70.36,54.11,0
10131,-70.34,50.33,0
10132,-70.31,53.09,0
10133,-70.3,52.45,0
10134,-70.28,52.79,0
10135,-70.26,46.73,0
10136,-70.25,68.1,0
10137,-70.23,45.23,0
10138,-70.22,49.99,0
10139,-70.21,18.97,0
10140,-70.18,64.2,0
10141,-70.16,45.77,0
10142,-70.1,50.91,0
10143,-70.07,57.7,0
10144,-70.05,49.3,0
10145,-70.04,51.64,0
10146,-70.03,52.23,0
10147,-70.01,53.76,0
10148,-69.96,46.14,0
10149,-69.95,65.3,0
10150,-69.93,48.9,0
10151,-69.92,46.94,0
10152,-69.9,67.57,0
10153,-69.88,52.94,0
10154,-69.87,55.24,0
10155,-69.86,68.58,0
10156,-69.83,66.7,0
10157,-69.79,45.57,0
10158,-69.74,50.42,0
10159,-69.73,51.86,0
10160,-69.72,53.53,0
10161,-69.69,46.88,0
10162,-69.68,45.27,0
10163,-69.64,55.67,0
10164,-69.58,50.77,0
10165,-69.57,65.26,0
10166,-69.56,56.89,0
10167,-69.54,44.65,0
10168,-69.49,51.59,0
10169,-69.46,66.22,0
10170,-69.45,53.16,0
10171,-69.44,47.34,0
10172,-69.42,44.36,0
10173,-69.41,50.37,0
10174,-69.38,67.78,0
10175,-69.37,45.22,0
10176,-69.36,52.67,0
10177,-69.35,67.26,0
10178,-69.34,49.39,0
10179,-69.33,52.05,0
10180,-69.32,63.87,0
10181,-69.29,57.21,0
10182,-69.28,54.64,0
10183,-69.27,66.63,0
10184,-69.26,44.96,0
10185,-69.23,47.74,0
10186,-69.2,65.14,0
10187,-69.15,64.35,0
10188,-69.14,54.06,0
10189,-69.12,45.6,0
10190,-69.08,46.41,0
10191,-69.07,67.13,0
10192,-69.05,50.13,0
10193,-69.03,51.73,0
10194,-69.02,58.46,0
10195,-69,57.72,0
10196,-68.99,47.17,0
10197,-68.93,45.9,0
10198,-68.92,46.94,0
10199,-68.89,64.86,0
10200,-68.85,56.26,0
10201,-68.83,47.74,0
10202,-68.82,55.03,0
10203,-68.81,46.65,0
10204,-68.8,58.62,0
10205,-68.79,50.51,0
10206,-68.77,55.91,0
10207,-68.76,67.74,0
10208,-68.74,49.28,0
10209,-68.73,45.46,0
10210,-68.7,65.49,0
10211,-68.69,54.18,0
10212,-68.66,45.08,0
10213,-68.65,50.96,0
10214,-68.64,48.01,0
10215,-68.63,53.62,0
10216,-68.61,52.3,0
10217,-68.6,51.55,0
10218,-68.56,62.73,0
10219,-68.52,64.46,0
10220,-68.51,46.01,0
10221,-68.5,45.61,0
10222,-68.49,68.1,0
10223,-68.48,51.91,0
10224,-68.46,47.18,0
10225,-68.45,57.68,0
10226,-68.44,57.21,0
10227,-68.43,55.02,0
10228,-68.41,54.55,0
10229,-68.4,55.78,0
10230,-68.39,47.89,0
10231,-68.36,56.4,0
10232,-68.35,46.25,0
10233,-68.31,50.07,0
10234,-68.3,48.18,0
10235,-68.29,51.22,0
10236,-68.28,66.14,0
10237,-68.27,47.66,0
10238,-68.26,45.17,0
10239,-68.24,65.28,0
10240,-68.2,62.6,0
10241,-68.19,57.52,0
10242,-68.14,46.94,0
10243,-68.11,66.73,0
10244,-68.09,53.28,0
10245,-68.07,47.77,0
10246,-68.06,45.76,0
10247,-68.05,46.22,0
10248,-68.02,47.57,0
10249,-68,50.76,0
10250,-67.97,54.87,0
10251,-67.9,64.14,0
10252,-67.88,51.3,0
10253,-67.86,45.47,0
10254,-67.84,56.25,0
10255,-67.81,48.21,0
10256,-67.8,53.4,0
10257,-67.72,55.67,0
10258,-67.71,47.71,0
10259,-67.67,65.13,0
10260,-67.66,51.54,0
10261,-67.65,46.63,0
10262,-67.6,52.87,0
10263,-67.57,50.11,0
10264,-67.56,56.71,0
10265,-67.55,53.16,0
10266,-67.54,62.41,0
10267,-67.52,48.32,0
10268,-67.5,54.9,0
10269,-67.48,63.85,0
10270,-67.47,50.53,0
10271,-67.45,45.27,0
10272,-67.42,66.81,0
10273,-67.41,56.26,0
10274,-67.37,64.88,0
10275,-67.36,53.71,0
10276,-67.35,52.44,0
10277,-67.33,64.48,0
10278,-67.31,47.52,0
10279,-67.29,62.62,0
10280,-67.28,46.44,0
10281,-67.27,51.7,0
10282,-67.26,46.8,0
10283,-67.25,67.87,0
10284,-67.2,47.79,0
10285,-67.17,52.02,0
10286,-67.11,48.26,0
10287,-67.09,53.01,0
10288,-67.08,50.88,0
10289,-67.06,63.74,0
10290,-67.05,45.6,0
10291,-67.04,53.43,0
10292,-67.03,56.46,0
10293,-67.01,46.14,0
10294,-66.99,57.59,0
10295,-66.97,46.64,0
10296,-66.96,51.37,0
10297,-66.91,52.22,0
10298,-66.89,62.24,0
10299,-66.87,55.32,0
10300,-66.83,57.29,0
10301,-66.78,64.04,0
10302,-66.76,54.41,0
10303,-66.74,55.68,0
10304,-66.73,52.82,0
10305,-66.72,48.31,0
10306,-66.68,52.58,0
10307,-66.65,53.8,0
10308,-66.6,47.07,0
10309,-66.58,46.3,0
10310,-66.57,58.07,0
10311,-66.53,47.45,0
10312,-66.52,54.25,0
10313,-66.51,62.22,0
10314,-66.5,48.75,0
10315,-66.49,53.33,0
10316,-66.47,46.18,0
10317,-66.44,47.69,0
10318,-66.42,52.78,0
10319,-66.4,51,0
10320,-66.39,63.4,0
10321,-66.34,54.73,0
10322,-66.33,45.65,0
10323,-66.3,66.69,0
10324,-66.28,64.01,0
10325,-66.24,51.3,0
10326,-66.2,48.47,0
10327,-66.19,47.19,0
10328,-66.17,53.33,0
10329,-66.15,52.65,0
10330,-66.07,46.55,0
10331,-66.02,54.52,0
10332,-66.01,56.39,0
10333,-65.99,47.29,0
10334,-65.94,57.73,0
10335,-65.91,53.48,0
10336,-65.88,50.93,0
10337,-65.85,55.12,0
10338,-65.83,45.99,0
10339,-65.81,53.94,0
10340,-65.8,44.19,0
10341,-65.76,54.65,0
10342,-65.71,53.51,0
10343,-65.68,51.17,0
10344,-65.66,58.29,0
10345,-65.65,63.74,0
10346,-65.64,51.71,0
10347,-65.6,48.67,0
10348,-65.59,48.5,0
10349,-65.54,52.73,0
10350,-65.52,51.34,0
10351,-65.5,63.21,0
10352,-65.49,50.73,0
10353,-65.47,53.92,0
10354,-65.46,47.34,0
10355,-65.45,51.99,0
10356,-65.4,56.61,0
10357,-65.32,53.21,0
10358,-65.31,51.06,0
10359,-65.3,58.66,0
10360,-65.27,44.35,0
10361,-65.26,55.15,0
10362,-65.22,53.57,0
10363,-65.2,46.39,0
10364,-65.19,52.35,0
10365,-65.18,58.37,0
10366,-65.14,44.78,0
10367,-65.13,55.7,0
10368,-65.07,53.25,0
10369,-65.06,57.67,0
10370,-65.05,54.31,0
10371,-65.02,50.85,0
10372,-65,54.51,0
10373,-64.98,51.89,0
10374,-64.93,59.5,0
10375,-64.91,58.89,0
10376,-64.88,52.54,0
10377,-64.85,58.12,0
10378,-64.81,53.26,0
10379,-64.8,54.93,0
10380,-64.77,51.84,0
10381,-64.76,66.65,0
10382,-64.75,58.6,0
10383,-64.72,59.79,0
10384,-64.71,51.4,0
10385,-64.67,53.52,0
10386,-64.66,65.7,0
10387,-64.63,52.15,0
10388,-64.61,52.34,0
10389,-64.58,56.96,0
10390,-64.56,54.61,0
10391,-64.52,52.79,0
10392,-64.47,55.61,0
10393,-64.41,53.76,0
10394,-64.39,59.43,0
10395,-64.37,55.45,0
10396,-64.33,58.85,0
10397,-64.31,52.08,0
10398,-64.29,51.63,0
10399,-64.28,57.98,0
10400,-64.21,52.64,0
10401,-64.19,51.05,0
10402,-64.17,58.43,0
10403,-64.16,55.05,0
10404,-64.12,65.56,0
10405,-64.11,57.03,0
10406,-64.03,50.79,0
10407,-63.99,55.1,0
10408,-63.98,51.81,0
10409,-63.94,54.49,0
10410,-63.93,54.35,0
10411,-63.92,65.8,0
10412,-63.91,58.32,0
10413,-63.87,58.72,0
10414,-63.72,58.07,0
10415,-63.71,65.34,0
10416,-63.7,52.42,0
10417,-63.69,56.65,0
10418,-63.67,50.88,0
10419,-63.65,54.6,0
10420,-63.61,55.53,0
10421,-63.58,53.16,0
10422,-63.55,55.85,0
10423,-63.54,54.02,0
10424,-63.53,51.81,0
10425,-63.5,54.15,0
10426,-63.46,57.15,0
10427,-63.44,52.78,0
10428,-63.41,55.83,0
10429,-63.39,52.15,0
10430,-63.36,53.65,0
10431,-63.34,55.18,0
10432,-63.28,54.87,0
10433,-63.23,50.82,0
10434,-63.21,57.62,0
10435,-63.2,56.71,0
10436,-63.19,52.63,0
10437,-63.05,52.3,0
10438,-63,54.31,0
10439,-62.97,56.44,0
10440,-62.95,55.26,0
10441,-62.86,51.16,0
10442,-62.84,45.16,0
10443,-62.82,53.11,0
10444,-62.77,53.9,0
10445,-62.76,56.11,0
10446,-62.72,51.77,0
10447,-62.71,57.69,0
10448,-62.7,55.32,0
10449,-62.69,54.53,0
10450,-62.61,52.23,0
10451,-62.6,53.63,0
10452,-62.56,57.09,0
10453,-62.5,51.59,0
10454,-62.47,50.79,0
10455,-62.46,53.74,0
10456,-62.35,45.24,0
10457,-62.3,56.08,0
10458,-62.26,52.54,0
10459,-62.21,53.25,0
10460,-62.13,54.21,0
10461,-62.1,51.73,0
10462,-62.05,55.49,0
10463,-61.88,52.81,0
10464,-61.84,53.13,0
10465,-61.78,50.77,0
10466,-61.75,54.13,0
10467,-61.71,52.13,0
10468,-61.67,50.44,0
10469,-61.63,52.45,0
10470,-61.56,52.77,0
10471,-61.53,55.66,0
10472,-61.48,55.13,0
10473,-61.45,55.63,0
10474,-61.38,54.92,0
10475,-61.37,55.53,0
10476,-61.33,52.15,0
10477,-61.32,53.72,0
10478,-61.27,50.71,0
10479,-61.04,53.69,0
10480,-60.94,51.09,0
10481,-60.93,52.4,0
10482,-60.89,51.74,0
10483,-60.83,54.01,0
10484,-60.82,50.62,0
10485,-60.81,54.41,0
10486,-60.73,54.81,0
10487,-60.65,51.29,0
10488,-60.51,53.63,0
10489,-60.46,52.73,0
10490,-60.42,50.75,0
10491,-60.39,52.27,0
10492,-60.3,51.17,0
10493,-60.2,52.55,0
10494,-60.16,51.65,0
10495,-60.06,54,0
10496,-59.91,52.23,0
10497,-59.82,53.26,0
10498,-59.77,54.41,0
10499,-59.72,51.89,0
10500,-59.67,52.6,0
10501,-59.63,51.5,0
10502,-59.56,53.01,0
10503,-59.55,54.41,0
10504,-59.34,51.24,0
10505,-59.27,54.74,0
10506,-59.21,52.95,0
10507,-59.18,51.96,0
10508,-59.13,51.64,0
10509,-58.88,53.17,0
10510,-58.78,54.4,0
10511,-58.74,52.36,0
10512,-58.62,51.84,0
10513,-58.57,53.72,0
10514,-58.54,54.5,0
10515,-58.3,48.22,0
10516,-58.26,52.54,0
10517,-58.09,53.22,0
10518,-58.07,52.91,0
10519,-58.05,53.51,0
10520,-58.01,53.7,0
10521,-57.9,53.46,0
10522,-57.79,52.22,0
10523,-57.7,48.3,0
10524,-57.69,51.74,0
10525,-57.66,49.65,0
10526,-57.64,48.85,0
10527,-57.59,49.28,0
10528,-57.56,53.21,0
10529,-57.43,49.52,0
10530,-57.41,48.55,0
10531,-57.39,51.89,0
10532,-57.31,49.79,0
10533,-57.28,48.34,0
10534,-57.23,52.87,0
10535,-57.21,51.64,0
10536,-57.14,52.57,0
10537,-57.13,49.29,0
10538,-56.95,48.6,0
10539,-56.87,52.92,0
10540,-56.86,48.82,0
10541,-56.85,51.8,0
10542,-56.81,49.14,0
10543,-56.69,52.25,0
10544,-56.63,53.28,0
10545,-56.58,52.76,0
10546,-56.56,48.26,0
10547,-56.54,50.92,0
10548,-56.43,49.25,0
10549,-56.39,49.6,0
10550,-56.37,48.62,0
10551,-56.34,52.42,0
10552,-56.24,51.16,0
10553,-56.19,53.26,0
10554,-56.12,49.01,0
10555,-55.94,49.08,0
10556,-55.7,48.3,0
10557,-55.65,48.82,0
10558,-55.5,47.93,0
10559,-55.38,48.72,0
10560,-55.32,48.42,0
10561,-55.04,48.07,0
10562,-54.82,49.09,0
10563,-54.63,48.02,0
10564,-54.43,48.08,0
10565,-54.39,48.97,0
10566,-54.38,48.59,0
10567,-54.21,49.18,0
10568,-53.73,47.25,0
10569,-53.29,47.29,0
